 173534400.0000  0.100000000000000      0.116869982214944      4.255E-03  WETZTROPMDO1    
 173534700.0000  0.100000000000000      0.117281116966619      4.052E-03  WETZTROPMDO1    
 173535000.0000  0.100000000000000      0.117412535974893      3.976E-03  WETZTROPMDO1    
 173535300.0000  0.100000000000000      0.116452430177807      3.996E-03  WETZTROPMDO1    
 173535600.0000  0.100000000000000      0.115526848183447      4.029E-03  WETZTROPMDO1    
 173535900.0000  0.100000000000000      0.115455253948691      4.038E-03  WETZTROPMDO1    
 173536200.0000  0.100000000000000      0.115411732206613      4.006E-03  WETZTROPMDO1    
 173536500.0000  0.100000000000000      0.115227867177004      3.936E-03  WETZTROPMDO1    
 173536800.0000  0.100000000000000      0.114528497966927      3.717E-03  WETZTROPMDO1    
 173537100.0000  0.100000000000000      0.113854968419081      3.482E-03  WETZTROPMDO1    
 173537400.0000  0.100000000000000      0.115675008509827      3.236E-03  WETZTROPMDO1    
 173537700.0000  0.100000000000000      0.119423327584123      2.999E-03  WETZTROPMDO1    
 173538000.0000  0.100000000000000      0.121577079782326      2.817E-03  WETZTROPMDO1    
 173538300.0000  0.100000000000000      0.126834363351407      2.984E-03  WETZTROPMDO1    
 173538600.0000  0.100000000000000      0.127590918601104      3.018E-03  WETZTROPMDO1    
 173538900.0000  0.100000000000000      0.129399236815724      3.230E-03  WETZTROPMDO1    
 173539200.0000  0.100000000000000      0.131324327478979      3.296E-03  WETZTROPMDO1    
 173539500.0000  0.100000000000000      0.135380053305429      3.147E-03  WETZTROPMDO1    
 173539800.0000  0.100000000000000      0.138380944429524      3.225E-03  WETZTROPMDO1    
 173540100.0000  0.100000000000000      0.140320531777244      3.343E-03  WETZTROPMDO1    
 173540400.0000  0.100000000000000      0.141804663368274      3.476E-03  WETZTROPMDO1    
 173540700.0000  0.100000000000000      0.142249125283470      3.617E-03  WETZTROPMDO1    
 173541000.0000  0.100000000000000      0.141719255754829      3.761E-03  WETZTROPMDO1    
 173541300.0000  0.100000000000000      0.140867900550567      3.899E-03  WETZTROPMDO1    
 173541600.0000  0.100000000000000      0.140078977785890      4.026E-03  WETZTROPMDO1    
 173541900.0000  0.100000000000000      0.139572901347252      4.114E-03  WETZTROPMDO1    
 173542200.0000  0.100000000000000      0.139798928326798      4.141E-03  WETZTROPMDO1    
 173542500.0000  0.100000000000000      0.140433843711714      4.073E-03  WETZTROPMDO1    
 173542800.0000  0.100000000000000      0.141571173395841      3.859E-03  WETZTROPMDO1    
 173543100.0000  0.100000000000000      0.143148534437448      3.404E-03  WETZTROPMDO1    
 173543400.0000  0.100000000000000      0.144530676431945      3.386E-03  WETZTROPMDO1    
 173543700.0000  0.100000000000000      0.142671039626596      3.450E-03  WETZTROPMDO1    
 173544000.0000  0.100000000000000      0.141395663526489      3.499E-03  WETZTROPMDO1    
 173544300.0000  0.100000000000000      0.140858000412803      3.502E-03  WETZTROPMDO1    
 173544600.0000  0.100000000000000      0.139661215725840      3.470E-03  WETZTROPMDO1    
 173544900.0000  0.100000000000000      0.137147029176938      3.473E-03  WETZTROPMDO1    
 173545200.0000  0.100000000000000      0.134708997384788      3.752E-03  WETZTROPMDO1    
 173545500.0000  0.100000000000000      0.136824425421122      4.114E-03  WETZTROPMDO1    
 173545800.0000  0.100000000000000      0.135641035083476      4.227E-03  WETZTROPMDO1    
 173546100.0000  0.100000000000000      0.133841688729447      4.107E-03  WETZTROPMDO1    
 173546400.0000  0.100000000000000      0.131891860762965      3.803E-03  WETZTROPMDO1    
 173546700.0000  0.100000000000000      0.130169361350385      3.688E-03  WETZTROPMDO1    
 173547000.0000  0.100000000000000      0.128591805467221      3.607E-03  WETZTROPMDO1    
 173547300.0000  0.100000000000000      0.127487619906965      3.501E-03  WETZTROPMDO1    
 173547600.0000  0.100000000000000      0.126143372310189      3.355E-03  WETZTROPMDO1    
 173547900.0000  0.100000000000000      0.124813687959626      3.178E-03  WETZTROPMDO1    
 173548200.0000  0.100000000000000      0.124084579772038      2.999E-03  WETZTROPMDO1    
 173548500.0000  0.100000000000000      0.124950938661905      2.885E-03  WETZTROPMDO1    
 173548800.0000  0.100000000000000      0.123963009484514      3.079E-03  WETZTROPMDO1    
 173549100.0000  0.100000000000000      0.122035668225870      3.425E-03  WETZTROPMDO1    
 173549400.0000  0.100000000000000      0.120214481796329      3.196E-03  WETZTROPMDO1    
 173549700.0000  0.100000000000000      0.118961050234812      3.269E-03  WETZTROPMDO1    
 173550000.0000  0.100000000000000      0.119759710971821      3.418E-03  WETZTROPMDO1    
 173550300.0000  0.100000000000000      0.120008321007073      3.586E-03  WETZTROPMDO1    
 173550600.0000  0.100000000000000      0.119985637226277      3.755E-03  WETZTROPMDO1    
 173550900.0000  0.100000000000000      0.118860371567240      3.911E-03  WETZTROPMDO1    
 173551200.0000  0.100000000000000      0.117637219320389      4.055E-03  WETZTROPMDO1    
 173551500.0000  0.100000000000000      0.116292280849837      4.152E-03  WETZTROPMDO1    
 173551800.0000  0.100000000000000      0.115200332958690      4.216E-03  WETZTROPMDO1    
 173552100.0000  0.100000000000000      0.114262921815134      4.217E-03  WETZTROPMDO1    
 173552400.0000  0.100000000000000      0.113529440107263      4.142E-03  WETZTROPMDO1    
 173552700.0000  0.100000000000000      0.112761801044704      3.968E-03  WETZTROPMDO1    
 173553000.0000  0.100000000000000      0.112267456926265      3.653E-03  WETZTROPMDO1    
 173553300.0000  0.100000000000000      0.111645937727147      3.092E-03  WETZTROPMDO1    
 173553600.0000  0.100000000000000      0.110433530195209      3.042E-03  WETZTROPMDO1    
 173553900.0000  0.100000000000000      0.109048190062639      3.084E-03  WETZTROPMDO1    
 173554200.0000  0.100000000000000      0.108389369972457      3.116E-03  WETZTROPMDO1    
 173554500.0000  0.100000000000000      0.109504901471665      3.111E-03  WETZTROPMDO1    
 173554800.0000  0.100000000000000      0.111047370912244      3.080E-03  WETZTROPMDO1    
 173555100.0000  0.100000000000000      0.111503739671161      3.100E-03  WETZTROPMDO1    
 173555400.0000  0.100000000000000      0.110593970222762      2.988E-03  WETZTROPMDO1    
 173555700.0000  0.100000000000000      0.112272616402817      2.803E-03  WETZTROPMDO1    
 173556000.0000  0.100000000000000      0.112119291219349      2.612E-03  WETZTROPMDO1    
 173556300.0000  0.100000000000000      0.112696862156738      2.863E-03  WETZTROPMDO1    
 173556600.0000  0.100000000000000      0.113309653356318      2.469E-03  WETZTROPMDO1    
 173556900.0000  0.100000000000000      0.111401503614535      2.666E-03  WETZTROPMDO1    
 173557200.0000  0.100000000000000      0.109991107403700      2.867E-03  WETZTROPMDO1    
 173557500.0000  0.100000000000000      0.111205683037017      3.024E-03  WETZTROPMDO1    
 173557800.0000  0.100000000000000      0.111517932957604      3.071E-03  WETZTROPMDO1    
 173558100.0000  0.100000000000000      0.111101034032922      2.863E-03  WETZTROPMDO1    
 173558400.0000  0.100000000000000      0.111550762848979      2.989E-03  WETZTROPMDO1    
 173558700.0000  0.100000000000000      0.109976783200656      3.165E-03  WETZTROPMDO1    
 173559000.0000  0.100000000000000      0.110014522815855      3.446E-03  WETZTROPMDO1    
 173559300.0000  0.100000000000000      0.112115099368779      3.679E-03  WETZTROPMDO1    
 173559600.0000  0.100000000000000      0.113064421972205      3.875E-03  WETZTROPMDO1    
 173559900.0000  0.100000000000000      0.113458278586582      4.030E-03  WETZTROPMDO1    
 173560200.0000  0.100000000000000      0.113885745679127      4.139E-03  WETZTROPMDO1    
 173560500.0000  0.100000000000000      0.114332386509090      4.174E-03  WETZTROPMDO1    
 173560800.0000  0.100000000000000      0.114434620894445      4.113E-03  WETZTROPMDO1    
 173561100.0000  0.100000000000000      0.114101964535556      3.923E-03  WETZTROPMDO1    
 173561400.0000  0.100000000000000      0.113665137170724      3.563E-03  WETZTROPMDO1    
 173561700.0000  0.100000000000000      0.113436379818502      2.904E-03  WETZTROPMDO1    
 173562000.0000  0.100000000000000      0.114181854217885      2.881E-03  WETZTROPMDO1    
 173562300.0000  0.100000000000000      0.114550033655390      2.959E-03  WETZTROPMDO1    
 173562600.0000  0.100000000000000      0.115048325806969      3.038E-03  WETZTROPMDO1    
 173562900.0000  0.100000000000000      0.115239365214953      3.091E-03  WETZTROPMDO1    
 173563200.0000  0.100000000000000      0.115197347914511      3.107E-03  WETZTROPMDO1    
 173563500.0000  0.100000000000000      0.114764621594988      3.080E-03  WETZTROPMDO1    
 173563800.0000  0.100000000000000      0.113790243515732      3.016E-03  WETZTROPMDO1    
 173564100.0000  0.100000000000000      0.111718392730829      2.923E-03  WETZTROPMDO1    
 173564400.0000  0.100000000000000      0.112107780429059      2.822E-03  WETZTROPMDO1    
 173564700.0000  0.100000000000000      0.113966322529941      2.771E-03  WETZTROPMDO1    
 173565000.0000  0.100000000000000      0.114750960128176      3.037E-03  WETZTROPMDO1    
 173565300.0000  0.100000000000000      0.114608349721943      3.426E-03  WETZTROPMDO1    
 173565600.0000  0.100000000000000      0.115096219203368      3.458E-03  WETZTROPMDO1    
 173565900.0000  0.100000000000000      0.114962873149551      3.862E-03  WETZTROPMDO1    
 173566200.0000  0.100000000000000      0.114972589338905      4.026E-03  WETZTROPMDO1    
 173566500.0000  0.100000000000000      0.115418426683870      4.020E-03  WETZTROPMDO1    
 173566800.0000  0.100000000000000      0.116095375566911      3.888E-03  WETZTROPMDO1    
 173567100.0000  0.100000000000000      0.116509665321803      3.616E-03  WETZTROPMDO1    
 173567400.0000  0.100000000000000      0.118135771094866      3.537E-03  WETZTROPMDO1    
 173567700.0000  0.100000000000000      0.118931084606896      3.046E-03  WETZTROPMDO1    
 173568000.0000  0.100000000000000      0.117935241040817      2.989E-03  WETZTROPMDO1    
 173568300.0000  0.100000000000000      0.117939492982673      3.011E-03  WETZTROPMDO1    
 173568600.0000  0.100000000000000      0.118843914241888      3.016E-03  WETZTROPMDO1    
 173568900.0000  0.100000000000000      0.119297428567338      2.984E-03  WETZTROPMDO1    
 173569200.0000  0.100000000000000      0.120246138113470      2.951E-03  WETZTROPMDO1    
 173569500.0000  0.100000000000000      0.122887172309269      2.844E-03  WETZTROPMDO1    
 173569800.0000  0.100000000000000      0.125321750251954      2.703E-03  WETZTROPMDO1    
 173570100.0000  0.100000000000000      0.125803225255418      2.524E-03  WETZTROPMDO1    
 173570400.0000  0.100000000000000      0.122203119366577      2.278E-03  WETZTROPMDO1    
 173570700.0000  0.100000000000000      0.118774579844416      1.856E-03  WETZTROPMDO1    
 173571000.0000  0.100000000000000      0.115045865102357      2.246E-03  WETZTROPMDO1    
 173571300.0000  0.100000000000000      0.115516444436974      2.445E-03  WETZTROPMDO1    
 173571600.0000  0.100000000000000      0.118094670250107      2.572E-03  WETZTROPMDO1    
 173571900.0000  0.100000000000000      0.118773816305024      2.701E-03  WETZTROPMDO1    
 173572200.0000  0.100000000000000      0.118758375440008      3.032E-03  WETZTROPMDO1    
 173572500.0000  0.100000000000000      0.117387101736688      3.267E-03  WETZTROPMDO1    
 173572800.0000  0.100000000000000      0.119100274760571      3.333E-03  WETZTROPMDO1    
 173573100.0000  0.100000000000000      0.119965582662359      3.221E-03  WETZTROPMDO1    
 173573400.0000  0.100000000000000      0.119078640031841      3.569E-03  WETZTROPMDO1    
 173573700.0000  0.100000000000000      0.118315056786900      3.763E-03  WETZTROPMDO1    
 173574000.0000  0.100000000000000      0.117478162355504      3.824E-03  WETZTROPMDO1    
 173574300.0000  0.100000000000000      0.116772885845439      3.726E-03  WETZTROPMDO1    
 173574600.0000  0.100000000000000      0.116212283229371      3.392E-03  WETZTROPMDO1    
 173574900.0000  0.100000000000000      0.115939484753781      2.644E-03  WETZTROPMDO1    
 173575200.0000  0.100000000000000      0.114167582517742      2.687E-03  WETZTROPMDO1    
 173575500.0000  0.100000000000000      0.114148059093782      2.847E-03  WETZTROPMDO1    
 173575800.0000  0.100000000000000      0.117936966055512      3.006E-03  WETZTROPMDO1    
 173576100.0000  0.100000000000000      0.119982685110352      3.097E-03  WETZTROPMDO1    
 173576400.0000  0.100000000000000      0.119772191856093      2.990E-03  WETZTROPMDO1    
 173576700.0000  0.100000000000000      0.120160650475409      3.175E-03  WETZTROPMDO1    
 173577000.0000  0.100000000000000      0.119624525723413      3.345E-03  WETZTROPMDO1    
 173577300.0000  0.100000000000000      0.119385592248482      3.464E-03  WETZTROPMDO1    
 173577600.0000  0.100000000000000      0.120571035803331      3.488E-03  WETZTROPMDO1    
 173577900.0000  0.100000000000000      0.120614837931713      3.354E-03  WETZTROPMDO1    
 173578200.0000  0.100000000000000      0.121182317003557      2.955E-03  WETZTROPMDO1    
 173578500.0000  0.100000000000000      0.121936360952395      2.970E-03  WETZTROPMDO1    
 173578800.0000  0.100000000000000      0.121010876745175      3.095E-03  WETZTROPMDO1    
 173579100.0000  0.100000000000000      0.120095056646274      2.972E-03  WETZTROPMDO1    
 173579400.0000  0.100000000000000      0.118930194840174      2.857E-03  WETZTROPMDO1    
 173579700.0000  0.100000000000000      0.116851395784988      2.737E-03  WETZTROPMDO1    
 173580000.0000  0.100000000000000      0.114712491525018      2.684E-03  WETZTROPMDO1    
 173580300.0000  0.100000000000000      0.112089556024167      2.431E-03  WETZTROPMDO1    
 173580600.0000  0.100000000000000      0.115472926094723      2.596E-03  WETZTROPMDO1    
 173580900.0000  0.100000000000000      0.117257571992270      2.578E-03  WETZTROPMDO1    
 173581200.0000  0.100000000000000      0.118320559164695      2.541E-03  WETZTROPMDO1    
 173581500.0000  0.100000000000000      0.118526912326366      3.052E-03  WETZTROPMDO1    
 173581800.0000  0.100000000000000      0.118445479937414      3.167E-03  WETZTROPMDO1    
 173582100.0000  0.100000000000000      0.117594554284861      3.011E-03  WETZTROPMDO1    
 173582400.0000  0.100000000000000      0.117320373920812      2.562E-03  WETZTROPMDO1    
 173582700.0000  0.100000000000000      0.115495030982296      2.530E-03  WETZTROPMDO1    
 173583000.0000  0.100000000000000      0.115446217275087      2.403E-03  WETZTROPMDO1    
 173583300.0000  0.100000000000000      0.114303153886622      2.560E-03  WETZTROPMDO1    
 173583600.0000  0.100000000000000      0.112946596002302      2.694E-03  WETZTROPMDO1    
 173583900.0000  0.100000000000000      0.113113659889659      2.840E-03  WETZTROPMDO1    
 173584200.0000  0.100000000000000      0.114403242752551      2.996E-03  WETZTROPMDO1    
 173584500.0000  0.100000000000000      0.116257725736441      3.158E-03  WETZTROPMDO1    
 173584800.0000  0.100000000000000      0.117335059481280      3.325E-03  WETZTROPMDO1    
 173585100.0000  0.100000000000000      0.116335855900385      3.493E-03  WETZTROPMDO1    
 173585400.0000  0.100000000000000      0.115329436939756      3.658E-03  WETZTROPMDO1    
 173585700.0000  0.100000000000000      0.113990343461919      3.813E-03  WETZTROPMDO1    
 173586000.0000  0.100000000000000      0.112818316565029      3.951E-03  WETZTROPMDO1    
 173586300.0000  0.100000000000000      0.111612180842656      4.065E-03  WETZTROPMDO1    
 173586600.0000  0.100000000000000      0.110557120658273      4.150E-03  WETZTROPMDO1    
 173586900.0000  0.100000000000000      0.109792829549636      4.206E-03  WETZTROPMDO1    
 173587200.0000  0.100000000000000      0.109417146264963      4.245E-03  WETZTROPMDO1    
 173587500.0000  0.100000000000000      0.108962757010882      4.300E-03  WETZTROPMDO1    
 173587800.0000  0.100000000000000      0.108657737958216      4.440E-03  WETZTROPMDO1    
 173588100.0000  0.100000000000000      0.108453211358941      4.454E-03  WETZTROPMDO1    
 173588400.0000  0.100000000000000      0.108264066737036      4.351E-03  WETZTROPMDO1    
 173588700.0000  0.100000000000000      0.108050859879567      4.132E-03  WETZTROPMDO1    
 173589000.0000  0.100000000000000      0.107955118065358      3.778E-03  WETZTROPMDO1    
 173589300.0000  0.100000000000000      0.108099003004320      3.227E-03  WETZTROPMDO1    
 173589600.0000  0.100000000000000      0.107946830749725      3.068E-03  WETZTROPMDO1    
 173589900.0000  0.100000000000000      0.107653170153884      3.124E-03  WETZTROPMDO1    
 173590200.0000  0.100000000000000      0.104892031959170      3.130E-03  WETZTROPMDO1    
 173590500.0000  0.100000000000000      0.103729207786746      3.164E-03  WETZTROPMDO1    
 173590800.0000  0.100000000000000      0.102395941537375      3.028E-03  WETZTROPMDO1    
 173591100.0000  0.100000000000000      0.100898977169556      2.961E-03  WETZTROPMDO1    
 173591400.0000  0.100000000000000      0.101109946720590      3.360E-03  WETZTROPMDO1    
 173591700.0000  0.100000000000000      0.101306136687595      3.608E-03  WETZTROPMDO1    
 173592000.0000  0.100000000000000      0.101611274264849      3.774E-03  WETZTROPMDO1    
 173592300.0000  0.100000000000000      0.102054941553879      3.874E-03  WETZTROPMDO1    
 173592600.0000  0.100000000000000      0.102129399090232      3.902E-03  WETZTROPMDO1    
 173592900.0000  0.100000000000000      0.103091134560362      3.829E-03  WETZTROPMDO1    
 173593200.0000  0.100000000000000      0.103896402262928      3.370E-03  WETZTROPMDO1    
 173593500.0000  0.100000000000000      0.104542380328647      3.466E-03  WETZTROPMDO1    
 173593800.0000  0.100000000000000      0.104819465878786      3.631E-03  WETZTROPMDO1    
 173594100.0000  0.100000000000000      0.105703118976007      3.775E-03  WETZTROPMDO1    
 173594400.0000  0.100000000000000      0.105392610111935      3.858E-03  WETZTROPMDO1    
 173594700.0000  0.100000000000000      0.103673750083004      3.837E-03  WETZTROPMDO1    
 173595000.0000  0.100000000000000      0.102333413711587      3.641E-03  WETZTROPMDO1    
 173595300.0000  0.100000000000000      0.102540345860398      3.616E-03  WETZTROPMDO1    
 173595600.0000  0.100000000000000      0.101337192184686      3.672E-03  WETZTROPMDO1    
 173595900.0000  0.100000000000000      9.959991920142904E-02  3.726E-03  WETZTROPMDO1    
 173596200.0000  0.100000000000000      9.648418868640357E-02  3.754E-03  WETZTROPMDO1    
 173596500.0000  0.100000000000000      9.503963691975680E-02  3.749E-03  WETZTROPMDO1    
 173596800.0000  0.100000000000000      9.430485005512512E-02  3.710E-03  WETZTROPMDO1    
 173597100.0000  0.100000000000000      9.495525357583443E-02  3.645E-03  WETZTROPMDO1    
 173597400.0000  0.100000000000000      9.684413833840332E-02  3.573E-03  WETZTROPMDO1    
 173597700.0000  0.100000000000000      0.100504404114912      3.527E-03  WETZTROPMDO1    
 173598000.0000  0.100000000000000      0.103245180170641      3.659E-03  WETZTROPMDO1    
 173598300.0000  0.100000000000000      0.107394227653716      3.789E-03  WETZTROPMDO1    
 173598600.0000  0.100000000000000      0.108606823844899      3.809E-03  WETZTROPMDO1    
 173598900.0000  0.100000000000000      0.108096762675020      3.797E-03  WETZTROPMDO1    
 173599200.0000  0.100000000000000      0.109859232685312      4.126E-03  WETZTROPMDO1    
 173599500.0000  0.100000000000000      0.110610153862587      4.296E-03  WETZTROPMDO1    
 173599800.0000  0.100000000000000      0.111032873186394      4.325E-03  WETZTROPMDO1    
 173600100.0000  0.100000000000000      0.111553501739244      4.288E-03  WETZTROPMDO1    
 173600400.0000  0.100000000000000      0.112262949567903      4.179E-03  WETZTROPMDO1    
 173600700.0000  0.100000000000000      0.114182394534303      3.992E-03  WETZTROPMDO1    
 173601000.0000  0.100000000000000      0.116983538541676      3.702E-03  WETZTROPMDO1    
 173601300.0000  0.100000000000000      0.118915211544904      3.014E-03  WETZTROPMDO1    
 173601600.0000  0.100000000000000      0.121739935905595      2.924E-03  WETZTROPMDO1    
 173601900.0000  0.100000000000000      0.126946361626390      2.962E-03  WETZTROPMDO1    
 173602200.0000  0.100000000000000      0.131262758122992      3.072E-03  WETZTROPMDO1    
 173602500.0000  0.100000000000000      0.136763059719364      2.907E-03  WETZTROPMDO1    
 173602800.0000  0.100000000000000      0.137559314727107      2.850E-03  WETZTROPMDO1    
 173603100.0000  0.100000000000000      0.135645745003970      2.984E-03  WETZTROPMDO1    
 173603400.0000  0.100000000000000      0.131911631951626      3.217E-03  WETZTROPMDO1    
 173603700.0000  0.100000000000000      0.130551503854469      3.357E-03  WETZTROPMDO1    
 173604000.0000  0.100000000000000      0.130494389418197      3.442E-03  WETZTROPMDO1    
 173604300.0000  0.100000000000000      0.132411544218606      3.506E-03  WETZTROPMDO1    
 173604600.0000  0.100000000000000      0.136329812926511      3.674E-03  WETZTROPMDO1    
 173604900.0000  0.100000000000000      0.140049424349878      3.548E-03  WETZTROPMDO1    
 173605200.0000  0.100000000000000      0.142036840582737      3.505E-03  WETZTROPMDO1    
 173605500.0000  0.100000000000000      0.142633001746434      3.491E-03  WETZTROPMDO1    
 173605800.0000  0.100000000000000      0.143648905647817      3.520E-03  WETZTROPMDO1    
 173606100.0000  0.100000000000000      0.143736697205171      3.192E-03  WETZTROPMDO1    
 173606400.0000  0.100000000000000      0.140804957618249      2.624E-03  WETZTROPMDO1    
 173606700.0000  0.100000000000000      0.138490731512092      2.550E-03  WETZTROPMDO1    
 173607000.0000  0.100000000000000      0.136742658625752      2.393E-03  WETZTROPMDO1    
 173607300.0000  0.100000000000000      0.137746550539715      2.686E-03  WETZTROPMDO1    
 173607600.0000  0.100000000000000      0.139402273926721      2.755E-03  WETZTROPMDO1    
 173607900.0000  0.100000000000000      0.141773023668360      2.886E-03  WETZTROPMDO1    
 173608200.0000  0.100000000000000      0.145036704558392      2.992E-03  WETZTROPMDO1    
 173608500.0000  0.100000000000000      0.147747685986276      3.045E-03  WETZTROPMDO1    
 173608800.0000  0.100000000000000      0.149552409485241      3.175E-03  WETZTROPMDO1    
 173609100.0000  0.100000000000000      0.149998450622900      2.963E-03  WETZTROPMDO1    
 173609400.0000  0.100000000000000      0.148175649019885      3.182E-03  WETZTROPMDO1    
 173609700.0000  0.100000000000000      0.146589404446557      3.411E-03  WETZTROPMDO1    
 173610000.0000  0.100000000000000      0.144878979321062      3.619E-03  WETZTROPMDO1    
 173610300.0000  0.100000000000000      0.142517129028015      3.811E-03  WETZTROPMDO1    
 173610600.0000  0.100000000000000      0.138959179938977      4.083E-03  WETZTROPMDO1    
 173610900.0000  0.100000000000000      0.134807439774020      4.050E-03  WETZTROPMDO1    
 173611200.0000  0.100000000000000      0.133117863440124      3.847E-03  WETZTROPMDO1    
 173611500.0000  0.100000000000000      0.132836062578582      3.394E-03  WETZTROPMDO1    
 173611800.0000  0.100000000000000      0.130880171810402      3.399E-03  WETZTROPMDO1    
 173612100.0000  0.100000000000000      0.127376666615221      3.335E-03  WETZTROPMDO1    
 173612400.0000  0.100000000000000      0.125845028147264      3.524E-03  WETZTROPMDO1    
 173612700.0000  0.100000000000000      0.124517769415729      3.245E-03  WETZTROPMDO1    
 173613000.0000  0.100000000000000      0.126518118775164      3.195E-03  WETZTROPMDO1    
 173613300.0000  0.100000000000000      0.127061718620259      3.176E-03  WETZTROPMDO1    
 173613600.0000  0.100000000000000      0.126704885922348      3.786E-03  WETZTROPMDO1    
 173613900.0000  0.100000000000000      0.126250102373215      4.139E-03  WETZTROPMDO1    
 173614200.0000  0.100000000000000      0.125704963453275      4.336E-03  WETZTROPMDO1    
 173614500.0000  0.100000000000000      0.124765593980905      4.424E-03  WETZTROPMDO1    
 173614800.0000  0.100000000000000      0.123672415133848      4.431E-03  WETZTROPMDO1    
 173615100.0000  0.100000000000000      0.122107595808100      4.375E-03  WETZTROPMDO1    
 173615400.0000  0.100000000000000      0.120704261185875      4.272E-03  WETZTROPMDO1    
 173615700.0000  0.100000000000000      0.118991197205714      4.132E-03  WETZTROPMDO1    
 173616000.0000  0.100000000000000      0.117285877808701      3.962E-03  WETZTROPMDO1    
 173616300.0000  0.100000000000000      0.115936151284642      3.759E-03  WETZTROPMDO1    
 173616600.0000  0.100000000000000      0.115092391319678      3.504E-03  WETZTROPMDO1    
 173616900.0000  0.100000000000000      0.115899177965744      3.131E-03  WETZTROPMDO1    
 173617200.0000  0.100000000000000      0.116475950961924      3.075E-03  WETZTROPMDO1    
 173617500.0000  0.100000000000000      0.116942933303249      3.091E-03  WETZTROPMDO1    
 173617800.0000  0.100000000000000      0.118999724913623      2.819E-03  WETZTROPMDO1    
 173618100.0000  0.100000000000000      0.119381916785892      3.015E-03  WETZTROPMDO1    
 173618400.0000  0.100000000000000      0.117818078135142      3.160E-03  WETZTROPMDO1    
 173618700.0000  0.100000000000000      0.114663859649470      3.606E-03  WETZTROPMDO1    
 173619000.0000  0.100000000000000      0.112440230537292      3.664E-03  WETZTROPMDO1    
 173619300.0000  0.100000000000000      0.111985523400246      3.873E-03  WETZTROPMDO1    
 173619600.0000  0.100000000000000      0.111537827859617      4.434E-03  WETZTROPMDO1    
 173619900.0000  0.100000000000000      0.110961783621441      4.943E-03  WETZTROPMDO1    
 173620200.0000  0.100000000000000      0.109235571689356      5.434E-03  WETZTROPMDO1    
 173620500.0000  0.100000000000000      0.108127909998579      5.959E-03  WETZTROPMDO1    
