 173707200.0000  0.100000000000000      6.755883363522727E-02  4.261E-03  WETZTROPRESO    
 173707500.0000  0.100000000000000      6.776965085867376E-02  3.979E-03  WETZTROPRESO    
 173707800.0000  0.100000000000000      6.843673478775872E-02  3.503E-03  WETZTROPRESO    
 173708100.0000  0.100000000000000      6.918145079200708E-02  2.935E-03  WETZTROPRESO    
 173708400.0000  0.100000000000000      6.862470497820855E-02  2.412E-03  WETZTROPRESO    
 173708700.0000  0.100000000000000      6.672350552887410E-02  2.456E-03  WETZTROPRESO    
 173709000.0000  0.100000000000000      6.631372166206373E-02  2.508E-03  WETZTROPRESO    
 173709300.0000  0.100000000000000      6.686512722790224E-02  2.507E-03  WETZTROPRESO    
 173709600.0000  0.100000000000000      6.738352494210052E-02  2.384E-03  WETZTROPRESO    
 173709900.0000  0.100000000000000      6.672795752840067E-02  2.071E-03  WETZTROPRESO    
 173710200.0000  0.100000000000000      6.564417245230397E-02  2.448E-03  WETZTROPRESO    
 173710500.0000  0.100000000000000      6.525828460074284E-02  2.698E-03  WETZTROPRESO    
 173710800.0000  0.100000000000000      6.646328885821470E-02  2.842E-03  WETZTROPRESO    
 173711100.0000  0.100000000000000      6.628818427065003E-02  2.803E-03  WETZTROPRESO    
 173711400.0000  0.100000000000000      6.590448860495907E-02  2.457E-03  WETZTROPRESO    
 173711700.0000  0.100000000000000      6.555969541348286E-02  2.423E-03  WETZTROPRESO    
 173712000.0000  0.100000000000000      6.764726482240385E-02  2.440E-03  WETZTROPRESO    
 173712300.0000  0.100000000000000      6.784574607281281E-02  2.624E-03  WETZTROPRESO    
 173712600.0000  0.100000000000000      6.676277058060220E-02  2.778E-03  WETZTROPRESO    
 173712900.0000  0.100000000000000      6.637391819891680E-02  2.799E-03  WETZTROPRESO    
 173713200.0000  0.100000000000000      6.512559617009520E-02  2.516E-03  WETZTROPRESO    
 173713500.0000  0.100000000000000      6.426471387121430E-02  2.616E-03  WETZTROPRESO    
 173713800.0000  0.100000000000000      6.494507647977873E-02  2.707E-03  WETZTROPRESO    
 173714100.0000  0.100000000000000      6.611472078973157E-02  2.711E-03  WETZTROPRESO    
 173714400.0000  0.100000000000000      6.633337965908900E-02  2.605E-03  WETZTROPRESO    
 173714700.0000  0.100000000000000      6.583084235758535E-02  2.379E-03  WETZTROPRESO    
 173715000.0000  0.100000000000000      6.647036618889027E-02  1.940E-03  WETZTROPRESO    
 173715300.0000  0.100000000000000      6.822175796428515E-02  1.870E-03  WETZTROPRESO    
 173715600.0000  0.100000000000000      6.960950538157790E-02  2.307E-03  WETZTROPRESO    
 173715900.0000  0.100000000000000      6.955052314901439E-02  2.185E-03  WETZTROPRESO    
 173716200.0000  0.100000000000000      6.916982568604191E-02  2.373E-03  WETZTROPRESO    
 173716500.0000  0.100000000000000      6.873274663219484E-02  2.516E-03  WETZTROPRESO    
 173716800.0000  0.100000000000000      6.898475353915554E-02  2.579E-03  WETZTROPRESO    
 173717100.0000  0.100000000000000      6.810523103466287E-02  2.452E-03  WETZTROPRESO    
 173717400.0000  0.100000000000000      6.810687120843753E-02  2.487E-03  WETZTROPRESO    
 173717700.0000  0.100000000000000      6.828748726753088E-02  2.545E-03  WETZTROPRESO    
 173718000.0000  0.100000000000000      6.778023306950344E-02  2.554E-03  WETZTROPRESO    
 173718300.0000  0.100000000000000      6.831267213772468E-02  2.518E-03  WETZTROPRESO    
 173718600.0000  0.100000000000000      6.867701850494079E-02  2.511E-03  WETZTROPRESO    
 173718900.0000  0.100000000000000      6.827381243119846E-02  3.008E-03  WETZTROPRESO    
 173719200.0000  0.100000000000000      6.756771196337097E-02  3.023E-03  WETZTROPRESO    
 173719500.0000  0.100000000000000      6.705041616805409E-02  2.518E-03  WETZTROPRESO    
 173719800.0000  0.100000000000000      6.670438011037329E-02  2.566E-03  WETZTROPRESO    
 173720100.0000  0.100000000000000      7.021358417700142E-02  2.645E-03  WETZTROPRESO    
 173720400.0000  0.100000000000000      6.973927735614886E-02  2.649E-03  WETZTROPRESO    
 173720700.0000  0.100000000000000      7.118663926172179E-02  2.421E-03  WETZTROPRESO    
 173721000.0000  0.100000000000000      6.860188676697275E-02  2.498E-03  WETZTROPRESO    
 173721300.0000  0.100000000000000      6.788503904591106E-02  2.567E-03  WETZTROPRESO    
 173721600.0000  0.100000000000000      6.755619160820159E-02  2.594E-03  WETZTROPRESO    
 173721900.0000  0.100000000000000      6.656674713751402E-02  2.562E-03  WETZTROPRESO    
 173722200.0000  0.100000000000000      6.824857095306303E-02  2.365E-03  WETZTROPRESO    
 173722500.0000  0.100000000000000      6.803033199211092E-02  2.328E-03  WETZTROPRESO    
 173722800.0000  0.100000000000000      6.696249596757937E-02  1.927E-03  WETZTROPRESO    
 173723100.0000  0.100000000000000      6.903584062128690E-02  2.145E-03  WETZTROPRESO    
 173723400.0000  0.100000000000000      7.086066094610426E-02  2.784E-03  WETZTROPRESO    
 173723700.0000  0.100000000000000      7.337953989721430E-02  2.695E-03  WETZTROPRESO    
 173724000.0000  0.100000000000000      7.391590648883280E-02  2.844E-03  WETZTROPRESO    
 173724300.0000  0.100000000000000      7.258723207766216E-02  2.961E-03  WETZTROPRESO    
 173724600.0000  0.100000000000000      7.184569235848501E-02  2.960E-03  WETZTROPRESO    
 173724900.0000  0.100000000000000      7.143232002518661E-02  2.776E-03  WETZTROPRESO    
 173725200.0000  0.100000000000000      7.012283476459016E-02  2.683E-03  WETZTROPRESO    
 173725500.0000  0.100000000000000      6.935045481277446E-02  2.523E-03  WETZTROPRESO    
 173725800.0000  0.100000000000000      6.999991493102208E-02  2.325E-03  WETZTROPRESO    
 173726100.0000  0.100000000000000      6.970650787051622E-02  2.192E-03  WETZTROPRESO    
 173726400.0000  0.100000000000000      7.052551356524529E-02  2.282E-03  WETZTROPRESO    
 173726700.0000  0.100000000000000      7.065959098153667E-02  2.645E-03  WETZTROPRESO    
 173727000.0000  0.100000000000000      6.950193955600978E-02  2.548E-03  WETZTROPRESO    
 173727300.0000  0.100000000000000      6.749912779625744E-02  2.140E-03  WETZTROPRESO    
 173727600.0000  0.100000000000000      6.886502552263010E-02  2.125E-03  WETZTROPRESO    
 173727900.0000  0.100000000000000      6.839317630141782E-02  2.494E-03  WETZTROPRESO    
 173728200.0000  0.100000000000000      6.789557334167209E-02  2.648E-03  WETZTROPRESO    
 173728500.0000  0.100000000000000      6.886331661937722E-02  2.700E-03  WETZTROPRESO    
 173728800.0000  0.100000000000000      6.900109299370960E-02  2.666E-03  WETZTROPRESO    
 173729100.0000  0.100000000000000      7.038233064238464E-02  2.515E-03  WETZTROPRESO    
 173729400.0000  0.100000000000000      7.025174059502579E-02  2.441E-03  WETZTROPRESO    
 173729700.0000  0.100000000000000      6.812114285372352E-02  2.326E-03  WETZTROPRESO    
 173730000.0000  0.100000000000000      6.613007965669235E-02  2.145E-03  WETZTROPRESO    
 173730300.0000  0.100000000000000      6.719807372962129E-02  2.061E-03  WETZTROPRESO    
 173730600.0000  0.100000000000000      6.761347599958015E-02  1.875E-03  WETZTROPRESO    
 173730900.0000  0.100000000000000      6.821881604029223E-02  2.088E-03  WETZTROPRESO    
 173731200.0000  0.100000000000000      6.650126021970577E-02  2.291E-03  WETZTROPRESO    
 173731500.0000  0.100000000000000      6.637307369592610E-02  2.365E-03  WETZTROPRESO    
 173731800.0000  0.100000000000000      6.773403456834479E-02  1.989E-03  WETZTROPRESO    
 173732100.0000  0.100000000000000      6.788790473443829E-02  2.145E-03  WETZTROPRESO    
 173732400.0000  0.100000000000000      6.654063693637965E-02  2.313E-03  WETZTROPRESO    
 173732700.0000  0.100000000000000      6.690662650910625E-02  2.417E-03  WETZTROPRESO    
 173733000.0000  0.100000000000000      6.513076017958536E-02  2.480E-03  WETZTROPRESO    
 173733300.0000  0.100000000000000      6.561548371368733E-02  2.764E-03  WETZTROPRESO    
 173733600.0000  0.100000000000000      6.527404694367626E-02  2.847E-03  WETZTROPRESO    
 173733900.0000  0.100000000000000      6.457453611112829E-02  2.811E-03  WETZTROPRESO    
 173734200.0000  0.100000000000000      6.542316428664258E-02  2.696E-03  WETZTROPRESO    
 173734500.0000  0.100000000000000      6.683163586796537E-02  2.577E-03  WETZTROPRESO    
 173734800.0000  0.100000000000000      6.761978483947670E-02  2.791E-03  WETZTROPRESO    
 173735100.0000  0.100000000000000      6.919583901927176E-02  2.332E-03  WETZTROPRESO    
 173735400.0000  0.100000000000000      6.929997526323822E-02  2.436E-03  WETZTROPRESO    
 173735700.0000  0.100000000000000      6.710765440206322E-02  2.526E-03  WETZTROPRESO    
 173736000.0000  0.100000000000000      6.757502231833917E-02  2.490E-03  WETZTROPRESO    
 173736300.0000  0.100000000000000      6.655290048460807E-02  2.113E-03  WETZTROPRESO    
 173736600.0000  0.100000000000000      6.522368118904304E-02  2.196E-03  WETZTROPRESO    
 173736900.0000  0.100000000000000      6.481705240737495E-02  2.227E-03  WETZTROPRESO    
 173737200.0000  0.100000000000000      6.673150511628287E-02  2.151E-03  WETZTROPRESO    
 173737500.0000  0.100000000000000      6.834466580853146E-02  1.982E-03  WETZTROPRESO    
 173737800.0000  0.100000000000000      6.688375074034894E-02  1.925E-03  WETZTROPRESO    
 173738100.0000  0.100000000000000      6.542035291144060E-02  2.114E-03  WETZTROPRESO    
 173738400.0000  0.100000000000000      6.541763146291493E-02  2.606E-03  WETZTROPRESO    
 173738700.0000  0.100000000000000      6.547023634525498E-02  2.697E-03  WETZTROPRESO    
 173739000.0000  0.100000000000000      6.491474403458919E-02  2.356E-03  WETZTROPRESO    
 173739300.0000  0.100000000000000      6.557355464958371E-02  2.463E-03  WETZTROPRESO    
 173739600.0000  0.100000000000000      6.474125022395821E-02  2.577E-03  WETZTROPRESO    
 173739900.0000  0.100000000000000      6.417186282325982E-02  2.632E-03  WETZTROPRESO    
 173740200.0000  0.100000000000000      6.425784592423883E-02  2.614E-03  WETZTROPRESO    
 173740500.0000  0.100000000000000      6.338655140638673E-02  2.557E-03  WETZTROPRESO    
 173740800.0000  0.100000000000000      6.336481854950914E-02  2.661E-03  WETZTROPRESO    
 173741100.0000  0.100000000000000      6.154950327489055E-02  2.443E-03  WETZTROPRESO    
 173741400.0000  0.100000000000000      6.226562527794897E-02  2.023E-03  WETZTROPRESO    
 173741700.0000  0.100000000000000      6.283143266132829E-02  1.818E-03  WETZTROPRESO    
 173742000.0000  0.100000000000000      6.350178478799809E-02  2.056E-03  WETZTROPRESO    
 173742300.0000  0.100000000000000      6.527540568961339E-02  2.199E-03  WETZTROPRESO    
 173742600.0000  0.100000000000000      6.504221420564496E-02  2.237E-03  WETZTROPRESO    
 173742900.0000  0.100000000000000      6.425889597640397E-02  2.175E-03  WETZTROPRESO    
 173743200.0000  0.100000000000000      6.291727404435803E-02  2.070E-03  WETZTROPRESO    
 173743500.0000  0.100000000000000      6.335551109008825E-02  2.581E-03  WETZTROPRESO    
 173743800.0000  0.100000000000000      6.422301853264312E-02  2.404E-03  WETZTROPRESO    
 173744100.0000  0.100000000000000      6.559468759586870E-02  2.602E-03  WETZTROPRESO    
 173744400.0000  0.100000000000000      6.582619154839614E-02  2.778E-03  WETZTROPRESO    
 173744700.0000  0.100000000000000      6.597157176581278E-02  2.863E-03  WETZTROPRESO    
 173745000.0000  0.100000000000000      6.572533736055788E-02  2.839E-03  WETZTROPRESO    
 173745300.0000  0.100000000000000      6.615022188376686E-02  2.719E-03  WETZTROPRESO    
 173745600.0000  0.100000000000000      6.755305555887368E-02  2.542E-03  WETZTROPRESO    
 173745900.0000  0.100000000000000      6.774699646278425E-02  2.396E-03  WETZTROPRESO    
 173746200.0000  0.100000000000000      6.786043320057580E-02  2.834E-03  WETZTROPRESO    
 173746500.0000  0.100000000000000      6.826578418407728E-02  2.873E-03  WETZTROPRESO    
 173746800.0000  0.100000000000000      6.831608610113526E-02  2.695E-03  WETZTROPRESO    
 173747100.0000  0.100000000000000      6.941148986412320E-02  2.250E-03  WETZTROPRESO    
 173747400.0000  0.100000000000000      6.721111021684117E-02  2.301E-03  WETZTROPRESO    
 173747700.0000  0.100000000000000      6.488291025783113E-02  2.295E-03  WETZTROPRESO    
 173748000.0000  0.100000000000000      6.409507441544898E-02  2.232E-03  WETZTROPRESO    
 173748300.0000  0.100000000000000      6.534045985074391E-02  2.538E-03  WETZTROPRESO    
 173748600.0000  0.100000000000000      6.423376561733363E-02  2.562E-03  WETZTROPRESO    
 173748900.0000  0.100000000000000      6.405931173662661E-02  2.461E-03  WETZTROPRESO    
 173749200.0000  0.100000000000000      6.600738039930049E-02  2.306E-03  WETZTROPRESO    
 173749500.0000  0.100000000000000      6.643808598798838E-02  2.209E-03  WETZTROPRESO    
 173749800.0000  0.100000000000000      6.545659178865670E-02  2.239E-03  WETZTROPRESO    
 173750100.0000  0.100000000000000      6.438602158725233E-02  2.273E-03  WETZTROPRESO    
 173750400.0000  0.100000000000000      6.402024147529482E-02  2.660E-03  WETZTROPRESO    
 173750700.0000  0.100000000000000      6.306214657421239E-02  2.554E-03  WETZTROPRESO    
 173751000.0000  0.100000000000000      6.348052963035969E-02  2.681E-03  WETZTROPRESO    
 173751300.0000  0.100000000000000      6.184915770181373E-02  2.781E-03  WETZTROPRESO    
 173751600.0000  0.100000000000000      6.247108117031138E-02  2.729E-03  WETZTROPRESO    
 173751900.0000  0.100000000000000      6.262874636419799E-02  2.311E-03  WETZTROPRESO    
 173752200.0000  0.100000000000000      6.184639978647451E-02  2.413E-03  WETZTROPRESO    
 173752500.0000  0.100000000000000      6.209468481155476E-02  2.498E-03  WETZTROPRESO    
 173752800.0000  0.100000000000000      6.243182841144823E-02  2.503E-03  WETZTROPRESO    
 173753100.0000  0.100000000000000      6.287691831201017E-02  2.470E-03  WETZTROPRESO    
 173753400.0000  0.100000000000000      6.235348955867141E-02  2.718E-03  WETZTROPRESO    
 173753700.0000  0.100000000000000      5.999051637633060E-02  2.411E-03  WETZTROPRESO    
 173754000.0000  0.100000000000000      5.974226035186451E-02  2.261E-03  WETZTROPRESO    
 173754300.0000  0.100000000000000      5.991420331787194E-02  2.131E-03  WETZTROPRESO    
 173754600.0000  0.100000000000000      5.965723340700030E-02  2.244E-03  WETZTROPRESO    
 173754900.0000  0.100000000000000      5.937592926218557E-02  2.393E-03  WETZTROPRESO    
 173755200.0000  0.100000000000000      5.938186416402280E-02  2.238E-03  WETZTROPRESO    
 173755500.0000  0.100000000000000      5.977266503051887E-02  2.346E-03  WETZTROPRESO    
 173755800.0000  0.100000000000000      5.982623221475424E-02  2.227E-03  WETZTROPRESO    
 173756100.0000  0.100000000000000      6.161154560652513E-02  2.435E-03  WETZTROPRESO    
 173756400.0000  0.100000000000000      6.186047237689132E-02  2.662E-03  WETZTROPRESO    
 173756700.0000  0.100000000000000      6.117517951263877E-02  2.717E-03  WETZTROPRESO    
 173757000.0000  0.100000000000000      6.094000475015725E-02  2.754E-03  WETZTROPRESO    
 173757300.0000  0.100000000000000      6.091097534738448E-02  2.985E-03  WETZTROPRESO    
 173757600.0000  0.100000000000000      6.055621884629925E-02  3.015E-03  WETZTROPRESO    
 173757900.0000  0.100000000000000      6.058768682326691E-02  2.910E-03  WETZTROPRESO    
 173758200.0000  0.100000000000000      5.919967647169897E-02  2.688E-03  WETZTROPRESO    
 173758500.0000  0.100000000000000      5.913212015739775E-02  2.243E-03  WETZTROPRESO    
 173758800.0000  0.100000000000000      6.220892210641511E-02  2.235E-03  WETZTROPRESO    
 173759100.0000  0.100000000000000      6.339749410267886E-02  2.505E-03  WETZTROPRESO    
 173759400.0000  0.100000000000000      6.435913128584664E-02  2.486E-03  WETZTROPRESO    
 173759700.0000  0.100000000000000      6.239858777991904E-02  2.089E-03  WETZTROPRESO    
 173760000.0000  0.100000000000000      6.070603275700156E-02  2.019E-03  WETZTROPRESO    
 173760300.0000  0.100000000000000      5.945323973337267E-02  2.280E-03  WETZTROPRESO    
 173760600.0000  0.100000000000000      6.093769995338162E-02  2.367E-03  WETZTROPRESO    
 173760900.0000  0.100000000000000      6.071258259698818E-02  2.386E-03  WETZTROPRESO    
 173761200.0000  0.100000000000000      6.086912118070024E-02  2.420E-03  WETZTROPRESO    
 173761500.0000  0.100000000000000      6.101095304425397E-02  2.943E-03  WETZTROPRESO    
 173761800.0000  0.100000000000000      6.101102324197789E-02  3.034E-03  WETZTROPRESO    
 173762100.0000  0.100000000000000      6.332593870186631E-02  3.130E-03  WETZTROPRESO    
 173762400.0000  0.100000000000000      6.379548133402536E-02  2.765E-03  WETZTROPRESO    
 173762700.0000  0.100000000000000      6.262164910320527E-02  3.040E-03  WETZTROPRESO    
 173763000.0000  0.100000000000000      6.133793049747419E-02  2.872E-03  WETZTROPRESO    
 173763300.0000  0.100000000000000      5.962622600652592E-02  2.847E-03  WETZTROPRESO    
 173763600.0000  0.100000000000000      5.881062091883216E-02  2.812E-03  WETZTROPRESO    
 173763900.0000  0.100000000000000      5.686385617794977E-02  2.724E-03  WETZTROPRESO    
 173764200.0000  0.100000000000000      5.829411793516883E-02  2.562E-03  WETZTROPRESO    
 173764500.0000  0.100000000000000      5.928545697301121E-02  2.277E-03  WETZTROPRESO    
 173764800.0000  0.100000000000000      5.981645400044167E-02  2.223E-03  WETZTROPRESO    
 173765100.0000  0.100000000000000      5.932461821619798E-02  2.653E-03  WETZTROPRESO    
 173765400.0000  0.100000000000000      5.825867048169462E-02  2.813E-03  WETZTROPRESO    
 173765700.0000  0.100000000000000      5.814774028387874E-02  3.003E-03  WETZTROPRESO    
 173766000.0000  0.100000000000000      5.764380030365866E-02  3.048E-03  WETZTROPRESO    
 173766300.0000  0.100000000000000      5.652055440820177E-02  2.814E-03  WETZTROPRESO    
 173766600.0000  0.100000000000000      5.675211401278973E-02  2.709E-03  WETZTROPRESO    
 173766900.0000  0.100000000000000      5.745214488554159E-02  2.675E-03  WETZTROPRESO    
 173767200.0000  0.100000000000000      5.677091008997300E-02  2.223E-03  WETZTROPRESO    
 173767500.0000  0.100000000000000      5.814591020346809E-02  2.454E-03  WETZTROPRESO    
 173767800.0000  0.100000000000000      5.692586707683813E-02  2.338E-03  WETZTROPRESO    
 173768100.0000  0.100000000000000      5.731190198556396E-02  2.311E-03  WETZTROPRESO    
 173768400.0000  0.100000000000000      5.536486002983745E-02  2.721E-03  WETZTROPRESO    
 173768700.0000  0.100000000000000      5.425481137189160E-02  2.728E-03  WETZTROPRESO    
 173769000.0000  0.100000000000000      5.630081107225646E-02  2.362E-03  WETZTROPRESO    
 173769300.0000  0.100000000000000      5.515535746604192E-02  2.440E-03  WETZTROPRESO    
 173769600.0000  0.100000000000000      5.516064004985136E-02  2.461E-03  WETZTROPRESO    
 173769900.0000  0.100000000000000      5.477162484730776E-02  2.403E-03  WETZTROPRESO    
 173770200.0000  0.100000000000000      5.495356347485029E-02  2.267E-03  WETZTROPRESO    
 173770500.0000  0.100000000000000      5.469848267156869E-02  2.072E-03  WETZTROPRESO    
 173770800.0000  0.100000000000000      5.522791996409788E-02  2.032E-03  WETZTROPRESO    
 173771100.0000  0.100000000000000      5.555341994841351E-02  2.248E-03  WETZTROPRESO    
 173771400.0000  0.100000000000000      5.548122234899942E-02  2.251E-03  WETZTROPRESO    
 173771700.0000  0.100000000000000      5.349446551839350E-02  2.171E-03  WETZTROPRESO    
 173772000.0000  0.100000000000000      5.608810347536017E-02  2.102E-03  WETZTROPRESO    
 173772300.0000  0.100000000000000      5.601436657771575E-02  2.291E-03  WETZTROPRESO    
 173772600.0000  0.100000000000000      5.491930076501681E-02  2.417E-03  WETZTROPRESO    
 173772900.0000  0.100000000000000      5.408340933275587E-02  2.439E-03  WETZTROPRESO    
 173773200.0000  0.100000000000000      5.317580787510404E-02  2.444E-03  WETZTROPRESO    
 173773500.0000  0.100000000000000      5.342595369413400E-02  2.929E-03  WETZTROPRESO    
 173773800.0000  0.100000000000000      5.390804802723994E-02  3.183E-03  WETZTROPRESO    
 173774100.0000  0.100000000000000      5.465996429606330E-02  3.315E-03  WETZTROPRESO    
 173774400.0000  0.100000000000000      5.527732554942812E-02  3.314E-03  WETZTROPRESO    
 173774700.0000  0.100000000000000      5.572880836029315E-02  3.115E-03  WETZTROPRESO    
 173775000.0000  0.100000000000000      5.609859448617577E-02  2.532E-03  WETZTROPRESO    
 173775300.0000  0.100000000000000      5.717443300416726E-02  2.183E-03  WETZTROPRESO    
 173775600.0000  0.100000000000000      5.470092987165683E-02  1.983E-03  WETZTROPRESO    
 173775900.0000  0.100000000000000      5.623863329195349E-02  2.188E-03  WETZTROPRESO    
 173776200.0000  0.100000000000000      5.560641010038849E-02  2.382E-03  WETZTROPRESO    
 173776500.0000  0.100000000000000      5.459888879191187E-02  2.415E-03  WETZTROPRESO    
 173776800.0000  0.100000000000000      5.360678747608369E-02  2.400E-03  WETZTROPRESO    
 173777100.0000  0.100000000000000      5.244794258915855E-02  2.386E-03  WETZTROPRESO    
 173777400.0000  0.100000000000000      5.281020943290910E-02  2.640E-03  WETZTROPRESO    
 173777700.0000  0.100000000000000      5.561250809977344E-02  2.638E-03  WETZTROPRESO    
 173778000.0000  0.100000000000000      5.553011713794168E-02  2.513E-03  WETZTROPRESO    
 173778300.0000  0.100000000000000      5.500534386833793E-02  3.040E-03  WETZTROPRESO    
 173778600.0000  0.100000000000000      5.408471988071217E-02  3.084E-03  WETZTROPRESO    
 173778900.0000  0.100000000000000      5.354238821844572E-02  3.111E-03  WETZTROPRESO    
 173779200.0000  0.100000000000000      5.254504739017685E-02  2.923E-03  WETZTROPRESO    
 173779500.0000  0.100000000000000      5.554041583348857E-02  2.443E-03  WETZTROPRESO    
 173779800.0000  0.100000000000000      5.505862583818386E-02  2.360E-03  WETZTROPRESO    
 173780100.0000  0.100000000000000      5.530054437514217E-02  2.278E-03  WETZTROPRESO    
 173780400.0000  0.100000000000000      5.430012937154612E-02  2.190E-03  WETZTROPRESO    
 173780700.0000  0.100000000000000      5.630817673157877E-02  2.441E-03  WETZTROPRESO    
 173781000.0000  0.100000000000000      5.484673762114037E-02  2.888E-03  WETZTROPRESO    
 173781300.0000  0.100000000000000      5.470257610131297E-02  2.917E-03  WETZTROPRESO    
 173781600.0000  0.100000000000000      5.352591270385949E-02  2.510E-03  WETZTROPRESO    
 173781900.0000  0.100000000000000      5.437448652117261E-02  2.582E-03  WETZTROPRESO    
 173782200.0000  0.100000000000000      5.559418562953718E-02  2.698E-03  WETZTROPRESO    
 173782500.0000  0.100000000000000      5.692040099556190E-02  2.780E-03  WETZTROPRESO    
 173782800.0000  0.100000000000000      5.668083205295784E-02  2.801E-03  WETZTROPRESO    
 173783100.0000  0.100000000000000      5.610760591756589E-02  2.750E-03  WETZTROPRESO    
 173783400.0000  0.100000000000000      5.649485923190155E-02  2.625E-03  WETZTROPRESO    
 173783700.0000  0.100000000000000      5.678182717489960E-02  2.413E-03  WETZTROPRESO    
 173784000.0000  0.100000000000000      5.550557254889184E-02  1.941E-03  WETZTROPRESO    
 173784300.0000  0.100000000000000      5.651227135537643E-02  1.984E-03  WETZTROPRESO    
 173784600.0000  0.100000000000000      5.381615356829800E-02  2.276E-03  WETZTROPRESO    
 173784900.0000  0.100000000000000      5.317500963961327E-02  2.447E-03  WETZTROPRESO    
 173785200.0000  0.100000000000000      5.251083422088046E-02  2.567E-03  WETZTROPRESO    
 173785500.0000  0.100000000000000      5.322388205649050E-02  2.606E-03  WETZTROPRESO    
 173785800.0000  0.100000000000000      5.460858603326185E-02  2.445E-03  WETZTROPRESO    
 173786100.0000  0.100000000000000      5.696857647528605E-02  2.521E-03  WETZTROPRESO    
 173786400.0000  0.100000000000000      5.722195530742827E-02  2.508E-03  WETZTROPRESO    
 173786700.0000  0.100000000000000      5.685337870306219E-02  2.524E-03  WETZTROPRESO    
 173787000.0000  0.100000000000000      5.846778901945367E-02  2.519E-03  WETZTROPRESO    
 173787300.0000  0.100000000000000      5.915140295932240E-02  2.873E-03  WETZTROPRESO    
 173787600.0000  0.100000000000000      6.031507369562253E-02  2.932E-03  WETZTROPRESO    
 173787900.0000  0.100000000000000      6.184073196022478E-02  2.824E-03  WETZTROPRESO    
 173788200.0000  0.100000000000000      6.186655147900164E-02  2.638E-03  WETZTROPRESO    
 173788500.0000  0.100000000000000      5.901398418128706E-02  2.505E-03  WETZTROPRESO    
 173788800.0000  0.100000000000000      5.886840754001150E-02  2.930E-03  WETZTROPRESO    
 173789100.0000  0.100000000000000      5.768448802985244E-02  2.902E-03  WETZTROPRESO    
 173789400.0000  0.100000000000000      5.842428315190410E-02  3.006E-03  WETZTROPRESO    
 173789700.0000  0.100000000000000      5.978461803250668E-02  3.051E-03  WETZTROPRESO    
 173790000.0000  0.100000000000000      5.918275598130895E-02  3.452E-03  WETZTROPRESO    
 173790300.0000  0.100000000000000      5.861601380380213E-02  3.585E-03  WETZTROPRESO    
 173790600.0000  0.100000000000000      5.642141448905188E-02  3.413E-03  WETZTROPRESO    
 173790900.0000  0.100000000000000      5.642616808666939E-02  3.358E-03  WETZTROPRESO    
 173791200.0000  0.100000000000000      5.609517004049711E-02  3.159E-03  WETZTROPRESO    
 173791500.0000  0.100000000000000      5.593500050029466E-02  2.779E-03  WETZTROPRESO    
 173791800.0000  0.100000000000000      5.603894624016605E-02  2.834E-03  WETZTROPRESO    
 173792100.0000  0.100000000000000      5.666522431908238E-02  2.977E-03  WETZTROPRESO    
 173792400.0000  0.100000000000000      5.551408176482707E-02  3.121E-03  WETZTROPRESO    
 173792700.0000  0.100000000000000      5.629571675042719E-02  3.174E-03  WETZTROPRESO    
 173793000.0000  0.100000000000000      5.958222904433150E-02  3.514E-03  WETZTROPRESO    
 173793300.0000  0.100000000000000      6.071670068146097E-02  3.678E-03  WETZTROPRESO    
