 173880000.0000  0.100000000000000      0.101752920359174      5.123E-03  WETZTROPMDO1    
 173880300.0000  0.100000000000000      0.101957376065528      4.900E-03  WETZTROPMDO1    
 173880600.0000  0.100000000000000      0.103079568678158      4.647E-03  WETZTROPMDO1    
 173880900.0000  0.100000000000000      0.103903882853107      4.438E-03  WETZTROPMDO1    
 173881200.0000  0.100000000000000      0.105958823716769      4.216E-03  WETZTROPMDO1    
 173881500.0000  0.100000000000000      0.106671013831248      3.955E-03  WETZTROPMDO1    
 173881800.0000  0.100000000000000      0.106845987942785      3.655E-03  WETZTROPMDO1    
 173882100.0000  0.100000000000000      0.107742839107234      3.339E-03  WETZTROPMDO1    
 173882400.0000  0.100000000000000      0.107915963931039      3.082E-03  WETZTROPMDO1    
 173882700.0000  0.100000000000000      0.106760370925955      3.028E-03  WETZTROPMDO1    
 173883000.0000  0.100000000000000      0.103730301341267      2.829E-03  WETZTROPMDO1    
 173883300.0000  0.100000000000000      0.101425908169056      2.618E-03  WETZTROPMDO1    
 173883600.0000  0.100000000000000      9.917574784637058E-02  2.584E-03  WETZTROPMDO1    
 173883900.0000  0.100000000000000      9.970724928562118E-02  3.016E-03  WETZTROPMDO1    
 173884200.0000  0.100000000000000      9.982229811833405E-02  3.169E-03  WETZTROPMDO1    
 173884500.0000  0.100000000000000      0.101156213481817      3.061E-03  WETZTROPMDO1    
 173884800.0000  0.100000000000000      0.101234879381230      3.170E-03  WETZTROPMDO1    
 173885100.0000  0.100000000000000      0.103416097319518      3.356E-03  WETZTROPMDO1    
 173885400.0000  0.100000000000000      0.104084204906116      3.545E-03  WETZTROPMDO1    
 173885700.0000  0.100000000000000      0.103218391897822      3.715E-03  WETZTROPMDO1    
 173886000.0000  0.100000000000000      0.102217372029298      3.863E-03  WETZTROPMDO1    
 173886300.0000  0.100000000000000      0.101593939575854      4.003E-03  WETZTROPMDO1    
 173886600.0000  0.100000000000000      0.101119477359166      4.089E-03  WETZTROPMDO1    
 173886900.0000  0.100000000000000      0.100177092351929      4.114E-03  WETZTROPMDO1    
 173887200.0000  0.100000000000000      9.890998636110063E-02  4.076E-03  WETZTROPMDO1    
 173887500.0000  0.100000000000000      9.726565344899901E-02  3.976E-03  WETZTROPMDO1    
 173887800.0000  0.100000000000000      9.590292724061762E-02  3.823E-03  WETZTROPMDO1    
 173888100.0000  0.100000000000000      9.435144591102383E-02  3.633E-03  WETZTROPMDO1    
 173888400.0000  0.100000000000000      9.370228344628755E-02  3.427E-03  WETZTROPMDO1    
 173888700.0000  0.100000000000000      9.286687486786552E-02  3.237E-03  WETZTROPMDO1    
 173889000.0000  0.100000000000000      9.174200418215274E-02  3.128E-03  WETZTROPMDO1    
 173889300.0000  0.100000000000000      8.901642475572535E-02  3.009E-03  WETZTROPMDO1    
 173889600.0000  0.100000000000000      8.837632007157185E-02  2.921E-03  WETZTROPMDO1    
 173889900.0000  0.100000000000000      8.896509537937403E-02  3.176E-03  WETZTROPMDO1    
 173890200.0000  0.100000000000000      8.750352527027315E-02  3.310E-03  WETZTROPMDO1    
 173890500.0000  0.100000000000000      8.606881155842924E-02  2.752E-03  WETZTROPMDO1    
 173890800.0000  0.100000000000000      8.594678513397734E-02  3.011E-03  WETZTROPMDO1    
 173891100.0000  0.100000000000000      8.352890140624543E-02  3.139E-03  WETZTROPMDO1    
 173891400.0000  0.100000000000000      8.160086360985715E-02  3.093E-03  WETZTROPMDO1    
 173891700.0000  0.100000000000000      7.892910943258771E-02  2.755E-03  WETZTROPMDO1    
 173892000.0000  0.100000000000000      7.976389832158519E-02  2.795E-03  WETZTROPMDO1    
 173892300.0000  0.100000000000000      7.998154125676898E-02  2.866E-03  WETZTROPMDO1    
 173892600.0000  0.100000000000000      7.879851426176664E-02  2.914E-03  WETZTROPMDO1    
 173892900.0000  0.100000000000000      7.688020067523023E-02  2.956E-03  WETZTROPMDO1    
 173893200.0000  0.100000000000000      7.490589066305411E-02  3.111E-03  WETZTROPMDO1    
 173893500.0000  0.100000000000000      7.361797994587597E-02  3.073E-03  WETZTROPMDO1    
 173893800.0000  0.100000000000000      7.273834010176830E-02  2.751E-03  WETZTROPMDO1    
 173894100.0000  0.100000000000000      7.341796593199799E-02  2.807E-03  WETZTROPMDO1    
 173894400.0000  0.100000000000000      7.381577354524622E-02  2.865E-03  WETZTROPMDO1    
 173894700.0000  0.100000000000000      7.376270723541101E-02  3.085E-03  WETZTROPMDO1    
 173895000.0000  0.100000000000000      7.310843972321207E-02  3.308E-03  WETZTROPMDO1    
 173895300.0000  0.100000000000000      7.144559507802907E-02  3.503E-03  WETZTROPMDO1    
 173895600.0000  0.100000000000000      6.879092631941541E-02  3.663E-03  WETZTROPMDO1    
 173895900.0000  0.100000000000000      6.736924763630187E-02  3.806E-03  WETZTROPMDO1    
 173896200.0000  0.100000000000000      6.759420342210998E-02  4.005E-03  WETZTROPMDO1    
 173896500.0000  0.100000000000000      6.776292073857124E-02  4.031E-03  WETZTROPMDO1    
 173896800.0000  0.100000000000000      6.794302808249725E-02  4.000E-03  WETZTROPMDO1    
 173897100.0000  0.100000000000000      6.807777187046718E-02  3.879E-03  WETZTROPMDO1    
 173897400.0000  0.100000000000000      6.803587971936353E-02  3.612E-03  WETZTROPMDO1    
 173897700.0000  0.100000000000000      6.764170182033385E-02  3.075E-03  WETZTROPMDO1    
 173898000.0000  0.100000000000000      6.854857217136050E-02  3.078E-03  WETZTROPMDO1    
 173898300.0000  0.100000000000000      6.821623341338899E-02  3.171E-03  WETZTROPMDO1    
 173898600.0000  0.100000000000000      6.660998387095723E-02  3.256E-03  WETZTROPMDO1    
 173898900.0000  0.100000000000000      6.561905128176831E-02  3.297E-03  WETZTROPMDO1    
 173899200.0000  0.100000000000000      6.708454757306798E-02  3.277E-03  WETZTROPMDO1    
 173899500.0000  0.100000000000000      6.793159347279368E-02  3.194E-03  WETZTROPMDO1    
 173899800.0000  0.100000000000000      6.693961765421064E-02  3.063E-03  WETZTROPMDO1    
 173900100.0000  0.100000000000000      6.774832475147244E-02  2.923E-03  WETZTROPMDO1    
 173900400.0000  0.100000000000000      6.974417251787966E-02  2.896E-03  WETZTROPMDO1    
 173900700.0000  0.100000000000000      7.065321075994473E-02  3.298E-03  WETZTROPMDO1    
 173901000.0000  0.100000000000000      7.171555850254574E-02  3.218E-03  WETZTROPMDO1    
 173901300.0000  0.100000000000000      7.285595223121204E-02  2.606E-03  WETZTROPMDO1    
 173901600.0000  0.100000000000000      7.199788783028546E-02  2.720E-03  WETZTROPMDO1    
 173901900.0000  0.100000000000000      7.210460098131313E-02  2.884E-03  WETZTROPMDO1    
 173902200.0000  0.100000000000000      7.248548818140112E-02  2.970E-03  WETZTROPMDO1    
 173902500.0000  0.100000000000000      7.199540562055712E-02  2.827E-03  WETZTROPMDO1    
 173902800.0000  0.100000000000000      7.517589863388231E-02  2.997E-03  WETZTROPMDO1    
 173903100.0000  0.100000000000000      7.415987509897057E-02  3.280E-03  WETZTROPMDO1    
 173903400.0000  0.100000000000000      7.293463631406435E-02  3.231E-03  WETZTROPMDO1    
 173903700.0000  0.100000000000000      7.312076969106665E-02  3.246E-03  WETZTROPMDO1    
 173904000.0000  0.100000000000000      7.494900030441487E-02  3.327E-03  WETZTROPMDO1    
 173904300.0000  0.100000000000000      7.599977979479394E-02  3.756E-03  WETZTROPMDO1    
 173904600.0000  0.100000000000000      7.658776468523722E-02  4.029E-03  WETZTROPMDO1    
 173904900.0000  0.100000000000000      7.732369957965929E-02  4.211E-03  WETZTROPMDO1    
 173905200.0000  0.100000000000000      7.774226855480827E-02  4.290E-03  WETZTROPMDO1    
 173905500.0000  0.100000000000000      7.795999902246785E-02  4.250E-03  WETZTROPMDO1    
 173905800.0000  0.100000000000000      7.805662114735210E-02  4.063E-03  WETZTROPMDO1    
 173906100.0000  0.100000000000000      7.817167682272863E-02  3.694E-03  WETZTROPMDO1    
 173906400.0000  0.100000000000000      7.819894426017693E-02  3.017E-03  WETZTROPMDO1    
 173906700.0000  0.100000000000000      7.731924828880582E-02  3.000E-03  WETZTROPMDO1    
 173907000.0000  0.100000000000000      7.781462093051703E-02  3.103E-03  WETZTROPMDO1    
 173907300.0000  0.100000000000000      7.649941262255251E-02  3.222E-03  WETZTROPMDO1    
 173907600.0000  0.100000000000000      7.579838405671388E-02  3.328E-03  WETZTROPMDO1    
 173907900.0000  0.100000000000000      7.619672088019301E-02  3.409E-03  WETZTROPMDO1    
 173908200.0000  0.100000000000000      7.610250647664535E-02  3.468E-03  WETZTROPMDO1    
 173908500.0000  0.100000000000000      7.529175703240348E-02  3.529E-03  WETZTROPMDO1    
 173908800.0000  0.100000000000000      7.406125672676453E-02  3.667E-03  WETZTROPMDO1    
 173909100.0000  0.100000000000000      7.431519133969240E-02  4.076E-03  WETZTROPMDO1    
 173909400.0000  0.100000000000000      7.447309817908412E-02  4.209E-03  WETZTROPMDO1    
 173909700.0000  0.100000000000000      7.351353603036333E-02  4.134E-03  WETZTROPMDO1    
 173910000.0000  0.100000000000000      7.455727030193679E-02  4.322E-03  WETZTROPMDO1    
 173910300.0000  0.100000000000000      7.561246187928133E-02  4.389E-03  WETZTROPMDO1    
 173910600.0000  0.100000000000000      7.677593388034808E-02  4.360E-03  WETZTROPMDO1    
 173910900.0000  0.100000000000000      7.810951905180992E-02  4.222E-03  WETZTROPMDO1    
 173911200.0000  0.100000000000000      7.977703261284735E-02  3.964E-03  WETZTROPMDO1    
 173911500.0000  0.100000000000000      8.176870467723706E-02  3.551E-03  WETZTROPMDO1    
 173911800.0000  0.100000000000000      8.028490753683570E-02  3.726E-03  WETZTROPMDO1    
 173912100.0000  0.100000000000000      8.002415267985125E-02  3.650E-03  WETZTROPMDO1    
 173912400.0000  0.100000000000000      8.152670569003706E-02  3.190E-03  WETZTROPMDO1    
 173912700.0000  0.100000000000000      8.115711402073247E-02  3.131E-03  WETZTROPMDO1    
 173913000.0000  0.100000000000000      8.031174745608585E-02  3.170E-03  WETZTROPMDO1    
 173913300.0000  0.100000000000000      8.048377359026866E-02  3.255E-03  WETZTROPMDO1    
 173913600.0000  0.100000000000000      8.076002593214854E-02  3.484E-03  WETZTROPMDO1    
 173913900.0000  0.100000000000000      8.009373007455377E-02  3.704E-03  WETZTROPMDO1    
 173914200.0000  0.100000000000000      8.100381710200294E-02  3.760E-03  WETZTROPMDO1    
 173914500.0000  0.100000000000000      8.084458009508759E-02  3.619E-03  WETZTROPMDO1    
 173914800.0000  0.100000000000000      7.973976274351235E-02  3.313E-03  WETZTROPMDO1    
 173915100.0000  0.100000000000000      7.717290464294047E-02  2.873E-03  WETZTROPMDO1    
 173915400.0000  0.100000000000000      7.661265432389432E-02  2.497E-03  WETZTROPMDO1    
 173915700.0000  0.100000000000000      7.599916273302093E-02  2.550E-03  WETZTROPMDO1    
 173916000.0000  0.100000000000000      7.692356613490997E-02  2.610E-03  WETZTROPMDO1    
 173916300.0000  0.100000000000000      7.896422709662955E-02  2.653E-03  WETZTROPMDO1    
 173916600.0000  0.100000000000000      7.969484160291135E-02  2.686E-03  WETZTROPMDO1    
 173916900.0000  0.100000000000000      7.976657908760616E-02  2.767E-03  WETZTROPMDO1    
 173917200.0000  0.100000000000000      8.031346415757422E-02  3.197E-03  WETZTROPMDO1    
 173917500.0000  0.100000000000000      8.116785564539900E-02  3.472E-03  WETZTROPMDO1    
 173917800.0000  0.100000000000000      8.366260557374557E-02  3.469E-03  WETZTROPMDO1    
 173918100.0000  0.100000000000000      8.447942159601440E-02  3.725E-03  WETZTROPMDO1    
 173918400.0000  0.100000000000000      8.493704319952591E-02  3.873E-03  WETZTROPMDO1    
 173918700.0000  0.100000000000000      8.531040570000979E-02  3.913E-03  WETZTROPMDO1    
 173919000.0000  0.100000000000000      8.579606701636731E-02  3.810E-03  WETZTROPMDO1    
 173919300.0000  0.100000000000000      8.717895481930134E-02  3.498E-03  WETZTROPMDO1    
 173919600.0000  0.100000000000000      8.890393705489061E-02  2.827E-03  WETZTROPMDO1    
 173919900.0000  0.100000000000000      8.923977597514615E-02  3.013E-03  WETZTROPMDO1    
 173920200.0000  0.100000000000000      8.984854538520182E-02  3.038E-03  WETZTROPMDO1    
 173920500.0000  0.100000000000000      9.128972818461395E-02  3.106E-03  WETZTROPMDO1    
 173920800.0000  0.100000000000000      8.895736090231422E-02  2.960E-03  WETZTROPMDO1    
 173921100.0000  0.100000000000000      8.899857546398104E-02  3.088E-03  WETZTROPMDO1    
 173921400.0000  0.100000000000000      8.839675426424398E-02  3.311E-03  WETZTROPMDO1    
 173921700.0000  0.100000000000000      8.778661338913912E-02  3.490E-03  WETZTROPMDO1    
 173922000.0000  0.100000000000000      8.843005492331185E-02  3.641E-03  WETZTROPMDO1    
 173922300.0000  0.100000000000000      8.743379323575166E-02  3.737E-03  WETZTROPMDO1    
 173922600.0000  0.100000000000000      8.624805622790892E-02  3.782E-03  WETZTROPMDO1    
 173922900.0000  0.100000000000000      8.621397413603858E-02  3.698E-03  WETZTROPMDO1    
 173923200.0000  0.100000000000000      8.702689983271744E-02  3.424E-03  WETZTROPMDO1    
 173923500.0000  0.100000000000000      8.593734592176376E-02  3.367E-03  WETZTROPMDO1    
 173923800.0000  0.100000000000000      8.484373991166350E-02  3.299E-03  WETZTROPMDO1    
 173924100.0000  0.100000000000000      8.509970804327646E-02  3.167E-03  WETZTROPMDO1    
 173924400.0000  0.100000000000000      8.499188187779712E-02  2.978E-03  WETZTROPMDO1    
 173924700.0000  0.100000000000000      8.488567983644543E-02  2.764E-03  WETZTROPMDO1    
 173925000.0000  0.100000000000000      8.804266724103947E-02  2.592E-03  WETZTROPMDO1    
 173925300.0000  0.100000000000000      9.263544866746591E-02  2.684E-03  WETZTROPMDO1    
 173925600.0000  0.100000000000000      9.436166514795263E-02  2.639E-03  WETZTROPMDO1    
 173925900.0000  0.100000000000000      9.706719295167686E-02  3.076E-03  WETZTROPMDO1    
 173926200.0000  0.100000000000000      0.100207645925310      3.064E-03  WETZTROPMDO1    
 173926500.0000  0.100000000000000      0.102379963268834      2.633E-03  WETZTROPMDO1    
 173926800.0000  0.100000000000000      9.803332035863679E-02  2.952E-03  WETZTROPMDO1    
 173927100.0000  0.100000000000000      9.482453914439755E-02  2.679E-03  WETZTROPMDO1    
 173927400.0000  0.100000000000000      9.646575636400744E-02  2.624E-03  WETZTROPMDO1    
 173927700.0000  0.100000000000000      0.100131325887973      2.481E-03  WETZTROPMDO1    
 173928000.0000  0.100000000000000      0.100370956000417      2.495E-03  WETZTROPMDO1    
 173928300.0000  0.100000000000000      9.822027378768344E-02  2.511E-03  WETZTROPMDO1    
 173928600.0000  0.100000000000000      9.709690073178902E-02  2.842E-03  WETZTROPMDO1    
 173928900.0000  0.100000000000000      9.797495553230706E-02  3.044E-03  WETZTROPMDO1    
 173929200.0000  0.100000000000000      9.970390939816522E-02  3.221E-03  WETZTROPMDO1    
 173929500.0000  0.100000000000000      0.100123647660471      3.391E-03  WETZTROPMDO1    
 173929800.0000  0.100000000000000      0.100847823281565      3.556E-03  WETZTROPMDO1    
 173930100.0000  0.100000000000000      0.101159849380781      3.714E-03  WETZTROPMDO1    
 173930400.0000  0.100000000000000      0.101315239028710      3.855E-03  WETZTROPMDO1    
 173930700.0000  0.100000000000000      0.101715592941006      3.972E-03  WETZTROPMDO1    
 173931000.0000  0.100000000000000      0.102253625066021      4.052E-03  WETZTROPMDO1    
 173931300.0000  0.100000000000000      0.102628283889236      4.088E-03  WETZTROPMDO1    
 173931600.0000  0.100000000000000      0.103000165887418      4.072E-03  WETZTROPMDO1    
 173931900.0000  0.100000000000000      0.102852373065128      4.000E-03  WETZTROPMDO1    
 173932200.0000  0.100000000000000      0.102329656856245      3.875E-03  WETZTROPMDO1    
 173932500.0000  0.100000000000000      0.102052155735880      3.700E-03  WETZTROPMDO1    
 173932800.0000  0.100000000000000      0.102091623813650      3.481E-03  WETZTROPMDO1    
 173933100.0000  0.100000000000000      0.101883188030667      3.221E-03  WETZTROPMDO1    
 173933400.0000  0.100000000000000      0.101620718457320      2.900E-03  WETZTROPMDO1    
 173933700.0000  0.100000000000000      0.102220567845448      2.425E-03  WETZTROPMDO1    
 173934000.0000  0.100000000000000      9.988398110341933E-02  2.339E-03  WETZTROPMDO1    
 173934300.0000  0.100000000000000      9.969663300092294E-02  2.345E-03  WETZTROPMDO1    
 173934600.0000  0.100000000000000      9.998926396423599E-02  2.788E-03  WETZTROPMDO1    
 173934900.0000  0.100000000000000      0.100340919930943      2.924E-03  WETZTROPMDO1    
 173935200.0000  0.100000000000000      0.100825341890983      2.983E-03  WETZTROPMDO1    
 173935500.0000  0.100000000000000      0.101788444510400      3.246E-03  WETZTROPMDO1    
 173935800.0000  0.100000000000000      0.102291158009648      3.727E-03  WETZTROPMDO1    
 173936100.0000  0.100000000000000      0.101854724512147      3.779E-03  WETZTROPMDO1    
 173936400.0000  0.100000000000000      0.104027097644758      3.515E-03  WETZTROPMDO1    
 173936700.0000  0.100000000000000      0.103640775367719      3.651E-03  WETZTROPMDO1    
 173937000.0000  0.100000000000000      0.103306889353167      3.452E-03  WETZTROPMDO1    
 173937300.0000  0.100000000000000      0.102881283703333      2.812E-03  WETZTROPMDO1    
 173937600.0000  0.100000000000000      0.100506730636744      2.814E-03  WETZTROPMDO1    
 173937900.0000  0.100000000000000      0.101417159460122      2.863E-03  WETZTROPMDO1    
 173938200.0000  0.100000000000000      0.103845797137655      2.902E-03  WETZTROPMDO1    
 173938500.0000  0.100000000000000      0.106651580415100      2.894E-03  WETZTROPMDO1    
 173938800.0000  0.100000000000000      0.110354826496789      2.721E-03  WETZTROPMDO1    
 173939100.0000  0.100000000000000      0.110659126025762      2.977E-03  WETZTROPMDO1    
 173939400.0000  0.100000000000000      0.110498375442584      2.959E-03  WETZTROPMDO1    
 173939700.0000  0.100000000000000      0.111293407515572      3.055E-03  WETZTROPMDO1    
 173940000.0000  0.100000000000000      0.110274854114434      3.170E-03  WETZTROPMDO1    
 173940300.0000  0.100000000000000      0.109372263360278      3.291E-03  WETZTROPMDO1    
 173940600.0000  0.100000000000000      0.108740424574049      3.384E-03  WETZTROPMDO1    
 173940900.0000  0.100000000000000      0.108095805305197      3.444E-03  WETZTROPMDO1    
 173941200.0000  0.100000000000000      0.107860643502934      3.465E-03  WETZTROPMDO1    
 173941500.0000  0.100000000000000      0.107998925683374      3.434E-03  WETZTROPMDO1    
 173941800.0000  0.100000000000000      0.108470117666336      3.330E-03  WETZTROPMDO1    
 173942100.0000  0.100000000000000      0.108365161257882      3.097E-03  WETZTROPMDO1    
 173942400.0000  0.100000000000000      0.107238868945831      3.188E-03  WETZTROPMDO1    
 173942700.0000  0.100000000000000      0.107320144980800      3.348E-03  WETZTROPMDO1    
 173943000.0000  0.100000000000000      0.108447710179627      3.611E-03  WETZTROPMDO1    
 173943300.0000  0.100000000000000      0.108587685342099      3.784E-03  WETZTROPMDO1    
 173943600.0000  0.100000000000000      0.108334771560012      3.910E-03  WETZTROPMDO1    
 173943900.0000  0.100000000000000      0.108949272893429      4.099E-03  WETZTROPMDO1    
 173944200.0000  0.100000000000000      0.109534114320889      4.192E-03  WETZTROPMDO1    
 173944500.0000  0.100000000000000      0.110016906187186      4.194E-03  WETZTROPMDO1    
 173944800.0000  0.100000000000000      0.109802359033235      4.105E-03  WETZTROPMDO1    
 173945100.0000  0.100000000000000      0.109132201610070      3.914E-03  WETZTROPMDO1    
 173945400.0000  0.100000000000000      0.108968576327413      3.598E-03  WETZTROPMDO1    
 173945700.0000  0.100000000000000      0.109012651428750      3.081E-03  WETZTROPMDO1    
 173946000.0000  0.100000000000000      0.109328034692821      3.017E-03  WETZTROPMDO1    
 173946300.0000  0.100000000000000      0.108235624103639      3.083E-03  WETZTROPMDO1    
 173946600.0000  0.100000000000000      0.105577720955936      3.270E-03  WETZTROPMDO1    
 173946900.0000  0.100000000000000      0.104522604907548      3.393E-03  WETZTROPMDO1    
 173947200.0000  0.100000000000000      0.104959304687527      3.492E-03  WETZTROPMDO1    
 173947500.0000  0.100000000000000      0.106242251633706      3.626E-03  WETZTROPMDO1    
 173947800.0000  0.100000000000000      0.106626123327922      3.936E-03  WETZTROPMDO1    
 173948100.0000  0.100000000000000      0.107551388438899      4.066E-03  WETZTROPMDO1    
 173948400.0000  0.100000000000000      0.108423203763203      4.053E-03  WETZTROPMDO1    
 173948700.0000  0.100000000000000      0.108106801003286      4.279E-03  WETZTROPMDO1    
 173949000.0000  0.100000000000000      0.107549529768987      4.424E-03  WETZTROPMDO1    
 173949300.0000  0.100000000000000      0.107195656337383      4.506E-03  WETZTROPMDO1    
 173949600.0000  0.100000000000000      0.107070904474768      4.530E-03  WETZTROPMDO1    
 173949900.0000  0.100000000000000      0.106832952460848      4.497E-03  WETZTROPMDO1    
 173950200.0000  0.100000000000000      0.106356577943554      4.402E-03  WETZTROPMDO1    
 173950500.0000  0.100000000000000      0.106125479572076      4.232E-03  WETZTROPMDO1    
 173950800.0000  0.100000000000000      0.104904354748319      4.121E-03  WETZTROPMDO1    
 173951100.0000  0.100000000000000      0.103698267889414      3.956E-03  WETZTROPMDO1    
 173951400.0000  0.100000000000000      0.104101499977687      3.679E-03  WETZTROPMDO1    
 173951700.0000  0.100000000000000      0.106461489494112      3.233E-03  WETZTROPMDO1    
 173952000.0000  0.100000000000000      0.108330771387697      3.142E-03  WETZTROPMDO1    
 173952300.0000  0.100000000000000      0.107087094945708      3.124E-03  WETZTROPMDO1    
 173952600.0000  0.100000000000000      0.106847036540520      3.077E-03  WETZTROPMDO1    
 173952900.0000  0.100000000000000      0.104189188539691      3.031E-03  WETZTROPMDO1    
 173953200.0000  0.100000000000000      0.101878672954262      2.997E-03  WETZTROPMDO1    
 173953500.0000  0.100000000000000      9.828969543144551E-02  2.978E-03  WETZTROPMDO1    
 173953800.0000  0.100000000000000      9.600060548923624E-02  3.223E-03  WETZTROPMDO1    
 173954100.0000  0.100000000000000      9.316677473738347E-02  3.115E-03  WETZTROPMDO1    
 173954400.0000  0.100000000000000      9.327833697258740E-02  3.316E-03  WETZTROPMDO1    
 173954700.0000  0.100000000000000      9.593939592744954E-02  3.508E-03  WETZTROPMDO1    
 173955000.0000  0.100000000000000      9.743013940012836E-02  3.662E-03  WETZTROPMDO1    
 173955300.0000  0.100000000000000      9.641407273159901E-02  3.810E-03  WETZTROPMDO1    
 173955600.0000  0.100000000000000      9.308742580923543E-02  3.853E-03  WETZTROPMDO1    
 173955900.0000  0.100000000000000      9.076725883035899E-02  3.825E-03  WETZTROPMDO1    
 173956200.0000  0.100000000000000      8.843727149461759E-02  3.825E-03  WETZTROPMDO1    
 173956500.0000  0.100000000000000      8.844833737787536E-02  3.853E-03  WETZTROPMDO1    
 173956800.0000  0.100000000000000      8.715610812697763E-02  4.084E-03  WETZTROPMDO1    
 173957100.0000  0.100000000000000      8.677442002184475E-02  4.258E-03  WETZTROPMDO1    
 173957400.0000  0.100000000000000      8.646738668720652E-02  4.244E-03  WETZTROPMDO1    
 173957700.0000  0.100000000000000      8.946496357480124E-02  4.214E-03  WETZTROPMDO1    
 173958000.0000  0.100000000000000      8.972029926494292E-02  4.461E-03  WETZTROPMDO1    
 173958300.0000  0.100000000000000      9.043903595811950E-02  4.621E-03  WETZTROPMDO1    
 173958600.0000  0.100000000000000      9.111969853128661E-02  4.710E-03  WETZTROPMDO1    
 173958900.0000  0.100000000000000      9.160808048867126E-02  4.738E-03  WETZTROPMDO1    
 173959200.0000  0.100000000000000      9.192762830108585E-02  4.712E-03  WETZTROPMDO1    
 173959500.0000  0.100000000000000      9.197648234894591E-02  4.640E-03  WETZTROPMDO1    
 173959800.0000  0.100000000000000      9.159913241518890E-02  4.530E-03  WETZTROPMDO1    
 173960100.0000  0.100000000000000      9.090252860097964E-02  4.390E-03  WETZTROPMDO1    
 173960400.0000  0.100000000000000      9.028996974771987E-02  4.228E-03  WETZTROPMDO1    
 173960700.0000  0.100000000000000      8.981686885788143E-02  4.046E-03  WETZTROPMDO1    
 173961000.0000  0.100000000000000      8.971741173317996E-02  3.847E-03  WETZTROPMDO1    
 173961300.0000  0.100000000000000      8.944709800494600E-02  3.620E-03  WETZTROPMDO1    
 173961600.0000  0.100000000000000      8.946194948333121E-02  3.334E-03  WETZTROPMDO1    
 173961900.0000  0.100000000000000      9.068150357563684E-02  3.227E-03  WETZTROPMDO1    
 173962200.0000  0.100000000000000      9.140978897410570E-02  3.207E-03  WETZTROPMDO1    
 173962500.0000  0.100000000000000      9.041835514504332E-02  3.366E-03  WETZTROPMDO1    
 173962800.0000  0.100000000000000      8.991552749868106E-02  3.397E-03  WETZTROPMDO1    
 173963100.0000  0.100000000000000      8.997370697784074E-02  3.340E-03  WETZTROPMDO1    
 173963400.0000  0.100000000000000      9.222346909080571E-02  3.182E-03  WETZTROPMDO1    
 173963700.0000  0.100000000000000      9.455911422285301E-02  3.090E-03  WETZTROPMDO1    
 173964000.0000  0.100000000000000      9.557071064737956E-02  3.300E-03  WETZTROPMDO1    
 173964300.0000  0.100000000000000      9.862183040611321E-02  3.415E-03  WETZTROPMDO1    
 173964600.0000  0.100000000000000      9.905536150773128E-02  3.973E-03  WETZTROPMDO1    
 173964900.0000  0.100000000000000      9.796613340270985E-02  4.447E-03  WETZTROPMDO1    
 173965200.0000  0.100000000000000      9.815029002018304E-02  4.883E-03  WETZTROPMDO1    
 173965500.0000  0.100000000000000      9.926050239946779E-02  5.296E-03  WETZTROPMDO1    
 173965800.0000  0.100000000000000      9.952997345084913E-02  5.713E-03  WETZTROPMDO1    
 173966100.0000  0.100000000000000      9.885242274759376E-02  6.196E-03  WETZTROPMDO1    
