 173966400.0000  0.100000000000000      9.641160995496820E-02  5.347E-03  WETZTROPMDO1    
 173966700.0000  0.100000000000000      9.662459402434469E-02  5.126E-03  WETZTROPMDO1    
 173967000.0000  0.100000000000000      9.701644420345631E-02  4.869E-03  WETZTROPMDO1    
 173967300.0000  0.100000000000000      9.775202367632561E-02  4.655E-03  WETZTROPMDO1    
 173967600.0000  0.100000000000000      9.744949452752137E-02  4.426E-03  WETZTROPMDO1    
 173967900.0000  0.100000000000000      9.678083973107286E-02  4.155E-03  WETZTROPMDO1    
 173968200.0000  0.100000000000000      9.653640602887337E-02  3.848E-03  WETZTROPMDO1    
 173968500.0000  0.100000000000000      9.975203003691824E-02  3.552E-03  WETZTROPMDO1    
 173968800.0000  0.100000000000000      0.101742352114098      3.431E-03  WETZTROPMDO1    
 173969100.0000  0.100000000000000      0.102735635526482      3.183E-03  WETZTROPMDO1    
 173969400.0000  0.100000000000000      0.103639873670271      2.872E-03  WETZTROPMDO1    
 173969700.0000  0.100000000000000      0.104231901459129      3.145E-03  WETZTROPMDO1    
 173970000.0000  0.100000000000000      0.102602828842713      3.344E-03  WETZTROPMDO1    
 173970300.0000  0.100000000000000      0.101847583654379      3.470E-03  WETZTROPMDO1    
 173970600.0000  0.100000000000000      0.101168266021527      3.505E-03  WETZTROPMDO1    
 173970900.0000  0.100000000000000      0.100528835583151      3.379E-03  WETZTROPMDO1    
 173971200.0000  0.100000000000000      0.100962835603135      3.457E-03  WETZTROPMDO1    
 173971500.0000  0.100000000000000      0.101781754170396      3.589E-03  WETZTROPMDO1    
 173971800.0000  0.100000000000000      0.101871634176187      3.733E-03  WETZTROPMDO1    
 173972100.0000  0.100000000000000      0.101756634385235      3.875E-03  WETZTROPMDO1    
 173972400.0000  0.100000000000000      0.101850555622813      4.008E-03  WETZTROPMDO1    
 173972700.0000  0.100000000000000      0.102014798078674      4.107E-03  WETZTROPMDO1    
 173973000.0000  0.100000000000000      0.102510346665433      4.155E-03  WETZTROPMDO1    
 173973300.0000  0.100000000000000      0.103067804556621      4.127E-03  WETZTROPMDO1    
 173973600.0000  0.100000000000000      0.103778923943030      3.990E-03  WETZTROPMDO1    
 173973900.0000  0.100000000000000      0.104564202700342      3.687E-03  WETZTROPMDO1    
 173974200.0000  0.100000000000000      0.103479531509083      3.877E-03  WETZTROPMDO1    
 173974500.0000  0.100000000000000      0.102909520237484      3.806E-03  WETZTROPMDO1    
 173974800.0000  0.100000000000000      0.104137000963692      3.772E-03  WETZTROPMDO1    
 173975100.0000  0.100000000000000      0.104880476929931      3.692E-03  WETZTROPMDO1    
 173975400.0000  0.100000000000000      0.104655177143796      3.568E-03  WETZTROPMDO1    
 173975700.0000  0.100000000000000      0.103628748149827      3.445E-03  WETZTROPMDO1    
 173976000.0000  0.100000000000000      0.104993452383666      3.424E-03  WETZTROPMDO1    
 173976300.0000  0.100000000000000      0.107129403012014      3.895E-03  WETZTROPMDO1    
 173976600.0000  0.100000000000000      0.108837977401639      4.073E-03  WETZTROPMDO1    
 173976900.0000  0.100000000000000      0.110478640233133      4.016E-03  WETZTROPMDO1    
 173977200.0000  0.100000000000000      0.111707163426569      3.751E-03  WETZTROPMDO1    
 173977500.0000  0.100000000000000      0.112107026888952      3.655E-03  WETZTROPMDO1    
 173977800.0000  0.100000000000000      0.112017957345861      3.587E-03  WETZTROPMDO1    
 173978100.0000  0.100000000000000      0.111863991776602      3.493E-03  WETZTROPMDO1    
 173978400.0000  0.100000000000000      0.111984222995887      3.369E-03  WETZTROPMDO1    
 173978700.0000  0.100000000000000      0.112088817164750      3.242E-03  WETZTROPMDO1    
 173979000.0000  0.100000000000000      0.113095397256076      3.196E-03  WETZTROPMDO1    
 173979300.0000  0.100000000000000      0.113759335657896      3.076E-03  WETZTROPMDO1    
 173979600.0000  0.100000000000000      0.112312752899187      2.919E-03  WETZTROPMDO1    
 173979900.0000  0.100000000000000      0.109595780983341      2.769E-03  WETZTROPMDO1    
 173980200.0000  0.100000000000000      0.111525073244081      2.915E-03  WETZTROPMDO1    
 173980500.0000  0.100000000000000      0.113049418582589      3.156E-03  WETZTROPMDO1    
 173980800.0000  0.100000000000000      0.115020520386018      3.375E-03  WETZTROPMDO1    
 173981100.0000  0.100000000000000      0.116819721718524      3.574E-03  WETZTROPMDO1    
 173981400.0000  0.100000000000000      0.119627904799643      3.750E-03  WETZTROPMDO1    
 173981700.0000  0.100000000000000      0.121113341447327      3.895E-03  WETZTROPMDO1    
 173982000.0000  0.100000000000000      0.121608187689883      4.072E-03  WETZTROPMDO1    
 173982300.0000  0.100000000000000      0.121840455779045      4.172E-03  WETZTROPMDO1    
 173982600.0000  0.100000000000000      0.121512378304000      4.240E-03  WETZTROPMDO1    
 173982900.0000  0.100000000000000      0.121135571763398      4.242E-03  WETZTROPMDO1    
 173983200.0000  0.100000000000000      0.120397309359689      4.166E-03  WETZTROPMDO1    
 173983500.0000  0.100000000000000      0.119724218819507      3.991E-03  WETZTROPMDO1    
 173983800.0000  0.100000000000000      0.118352273329493      3.678E-03  WETZTROPMDO1    
 173984100.0000  0.100000000000000      0.116589547823967      3.124E-03  WETZTROPMDO1    
 173984400.0000  0.100000000000000      0.115271793478646      3.071E-03  WETZTROPMDO1    
 173984700.0000  0.100000000000000      0.113768269913538      3.111E-03  WETZTROPMDO1    
 173985000.0000  0.100000000000000      0.112176065649347      3.138E-03  WETZTROPMDO1    
 173985300.0000  0.100000000000000      0.111372768573089      3.121E-03  WETZTROPMDO1    
 173985600.0000  0.100000000000000      0.110561272569197      3.062E-03  WETZTROPMDO1    
 173985900.0000  0.100000000000000      0.110542923837758      2.998E-03  WETZTROPMDO1    
 173986200.0000  0.100000000000000      0.111441396688594      3.059E-03  WETZTROPMDO1    
 173986500.0000  0.100000000000000      0.112889150629207      3.121E-03  WETZTROPMDO1    
 173986800.0000  0.100000000000000      0.112877061962844      3.696E-03  WETZTROPMDO1    
 173987100.0000  0.100000000000000      0.112498132295819      3.942E-03  WETZTROPMDO1    
 173987400.0000  0.100000000000000      0.112332863715089      3.938E-03  WETZTROPMDO1    
 173987700.0000  0.100000000000000      0.111672679482358      3.686E-03  WETZTROPMDO1    
 173988000.0000  0.100000000000000      0.110723640322649      3.111E-03  WETZTROPMDO1    
 173988300.0000  0.100000000000000      0.111737426749227      3.093E-03  WETZTROPMDO1    
 173988600.0000  0.100000000000000      0.111585988781042      3.085E-03  WETZTROPMDO1    
 173988900.0000  0.100000000000000      0.110234862241780      2.853E-03  WETZTROPMDO1    
 173989200.0000  0.100000000000000      0.108440253384407      2.958E-03  WETZTROPMDO1    
 173989500.0000  0.100000000000000      0.105127952318407      3.094E-03  WETZTROPMDO1    
 173989800.0000  0.100000000000000      0.104538847775313      3.250E-03  WETZTROPMDO1    
 173990100.0000  0.100000000000000      0.106747106708579      3.589E-03  WETZTROPMDO1    
 173990400.0000  0.100000000000000      0.107697552803601      3.831E-03  WETZTROPMDO1    
 173990700.0000  0.100000000000000      0.107395860193269      4.009E-03  WETZTROPMDO1    
 173991000.0000  0.100000000000000      0.107351972174254      4.131E-03  WETZTROPMDO1    
 173991300.0000  0.100000000000000      0.107966129430469      4.170E-03  WETZTROPMDO1    
 173991600.0000  0.100000000000000      0.108327867981737      4.110E-03  WETZTROPMDO1    
 173991900.0000  0.100000000000000      0.108529899604931      3.919E-03  WETZTROPMDO1    
 173992200.0000  0.100000000000000      0.108682194863082      3.558E-03  WETZTROPMDO1    
 173992500.0000  0.100000000000000      0.108925175956360      2.901E-03  WETZTROPMDO1    
 173992800.0000  0.100000000000000      0.110332339529390      2.877E-03  WETZTROPMDO1    
 173993100.0000  0.100000000000000      0.112467970372689      2.951E-03  WETZTROPMDO1    
 173993400.0000  0.100000000000000      0.112478356302511      3.027E-03  WETZTROPMDO1    
 173993700.0000  0.100000000000000      0.111528659637689      3.080E-03  WETZTROPMDO1    
 173994000.0000  0.100000000000000      0.111158358577004      3.099E-03  WETZTROPMDO1    
 173994300.0000  0.100000000000000      0.110798199364358      3.084E-03  WETZTROPMDO1    
 173994600.0000  0.100000000000000      0.109582616961678      3.053E-03  WETZTROPMDO1    
 173994900.0000  0.100000000000000      0.108606059858838      3.068E-03  WETZTROPMDO1    
 173995200.0000  0.100000000000000      0.108714579431214      2.831E-03  WETZTROPMDO1    
 173995500.0000  0.100000000000000      0.110490708216215      2.681E-03  WETZTROPMDO1    
 173995800.0000  0.100000000000000      0.112129934478271      2.570E-03  WETZTROPMDO1    
 173996100.0000  0.100000000000000      0.112774082903482      2.572E-03  WETZTROPMDO1    
 173996400.0000  0.100000000000000      0.112973001360180      3.424E-03  WETZTROPMDO1    
 173996700.0000  0.100000000000000      0.113219434076790      3.844E-03  WETZTROPMDO1    
 173997000.0000  0.100000000000000      0.113538838801905      4.018E-03  WETZTROPMDO1    
 173997300.0000  0.100000000000000      0.114216181680617      4.020E-03  WETZTROPMDO1    
 173997600.0000  0.100000000000000      0.114724728573676      3.895E-03  WETZTROPMDO1    
 173997900.0000  0.100000000000000      0.115028627386110      3.632E-03  WETZTROPMDO1    
 173998200.0000  0.100000000000000      0.114140547263760      3.552E-03  WETZTROPMDO1    
 173998500.0000  0.100000000000000      0.115110056921995      3.075E-03  WETZTROPMDO1    
 173998800.0000  0.100000000000000      0.113424991582849      3.020E-03  WETZTROPMDO1    
 173999100.0000  0.100000000000000      0.111973134907880      3.044E-03  WETZTROPMDO1    
 173999400.0000  0.100000000000000      0.110407621361850      3.063E-03  WETZTROPMDO1    
 173999700.0000  0.100000000000000      0.108733240948230      3.081E-03  WETZTROPMDO1    
 174000000.0000  0.100000000000000      0.108334523402294      3.204E-03  WETZTROPMDO1    
 174000300.0000  0.100000000000000      0.107688141812401      2.928E-03  WETZTROPMDO1    
 174000600.0000  0.100000000000000      0.109499666686261      2.735E-03  WETZTROPMDO1    
 174000900.0000  0.100000000000000      0.110078856125567      2.537E-03  WETZTROPMDO1    
 174001200.0000  0.100000000000000      0.109995039859118      2.296E-03  WETZTROPMDO1    
 174001500.0000  0.100000000000000      0.109930628171045      2.204E-03  WETZTROPMDO1    
 174001800.0000  0.100000000000000      0.106419552141652      2.391E-03  WETZTROPMDO1    
 174002100.0000  0.100000000000000      0.108263745610926      2.548E-03  WETZTROPMDO1    
 174002400.0000  0.100000000000000      0.110619985782505      2.581E-03  WETZTROPMDO1    
 174002700.0000  0.100000000000000      0.110912082853093      2.611E-03  WETZTROPMDO1    
 174003000.0000  0.100000000000000      0.109146111014084      2.619E-03  WETZTROPMDO1    
 174003300.0000  0.100000000000000      0.108683825424175      2.605E-03  WETZTROPMDO1    
 174003600.0000  0.100000000000000      0.109951619747574      2.579E-03  WETZTROPMDO1    
 174003900.0000  0.100000000000000      0.110944593278879      2.600E-03  WETZTROPMDO1    
 174004200.0000  0.100000000000000      0.109442094590045      3.256E-03  WETZTROPMDO1    
 174004500.0000  0.100000000000000      0.107967641304629      3.597E-03  WETZTROPMDO1    
 174004800.0000  0.100000000000000      0.106732334646625      3.755E-03  WETZTROPMDO1    
 174005100.0000  0.100000000000000      0.105786662747237      3.744E-03  WETZTROPMDO1    
 174005400.0000  0.100000000000000      0.105219712967923      3.518E-03  WETZTROPMDO1    
 174005700.0000  0.100000000000000      0.105080883185779      2.960E-03  WETZTROPMDO1    
 174006000.0000  0.100000000000000      0.104277602557204      2.774E-03  WETZTROPMDO1    
 174006300.0000  0.100000000000000      0.102008294988278      2.930E-03  WETZTROPMDO1    
 174006600.0000  0.100000000000000      0.102530779935646      3.241E-03  WETZTROPMDO1    
 174006900.0000  0.100000000000000      0.102715453260806      3.323E-03  WETZTROPMDO1    
 174007200.0000  0.100000000000000      0.102444314460169      3.100E-03  WETZTROPMDO1    
 174007500.0000  0.100000000000000      0.101583838328590      3.257E-03  WETZTROPMDO1    
 174007800.0000  0.100000000000000      0.101392889244685      3.422E-03  WETZTROPMDO1    
 174008100.0000  0.100000000000000      0.102818141448115      3.548E-03  WETZTROPMDO1    
 174008400.0000  0.100000000000000      0.104407381677383      3.593E-03  WETZTROPMDO1    
 174008700.0000  0.100000000000000      0.106157778281902      3.518E-03  WETZTROPMDO1    
 174009000.0000  0.100000000000000      0.108268552075075      3.204E-03  WETZTROPMDO1    
 174009300.0000  0.100000000000000      0.108079293511274      3.237E-03  WETZTROPMDO1    
 174009600.0000  0.100000000000000      0.107301409711712      3.303E-03  WETZTROPMDO1    
 174009900.0000  0.100000000000000      0.108233215296285      3.312E-03  WETZTROPMDO1    
 174010200.0000  0.100000000000000      0.109036273913282      3.304E-03  WETZTROPMDO1    
 174010500.0000  0.100000000000000      0.110376877468734      3.444E-03  WETZTROPMDO1    
 174010800.0000  0.100000000000000      0.110864396862423      3.725E-03  WETZTROPMDO1    
 174011100.0000  0.100000000000000      0.113981631423960      3.721E-03  WETZTROPMDO1    
 174011400.0000  0.100000000000000      0.116048383926513      3.537E-03  WETZTROPMDO1    
 174011700.0000  0.100000000000000      0.115559324847328      3.267E-03  WETZTROPMDO1    
 174012000.0000  0.100000000000000      0.115909228876764      3.017E-03  WETZTROPMDO1    
 174012300.0000  0.100000000000000      0.116715330898471      3.331E-03  WETZTROPMDO1    
 174012600.0000  0.100000000000000      0.117470438956085      3.356E-03  WETZTROPMDO1    
 174012900.0000  0.100000000000000      0.117989182472102      3.162E-03  WETZTROPMDO1    
 174013200.0000  0.100000000000000      0.117931200274327      2.719E-03  WETZTROPMDO1    
 174013500.0000  0.100000000000000      0.119436359281660      2.697E-03  WETZTROPMDO1    
 174013800.0000  0.100000000000000      0.121379460420717      2.701E-03  WETZTROPMDO1    
 174014100.0000  0.100000000000000      0.123186602412280      2.710E-03  WETZTROPMDO1    
 174014400.0000  0.100000000000000      0.120807738559983      2.718E-03  WETZTROPMDO1    
 174014700.0000  0.100000000000000      0.118288468721237      2.908E-03  WETZTROPMDO1    
 174015000.0000  0.100000000000000      0.118134565802220      3.066E-03  WETZTROPMDO1    
 174015300.0000  0.100000000000000      0.119601578837355      3.226E-03  WETZTROPMDO1    
 174015600.0000  0.100000000000000      0.119952383675895      3.392E-03  WETZTROPMDO1    
 174015900.0000  0.100000000000000      0.119820914773009      3.564E-03  WETZTROPMDO1    
 174016200.0000  0.100000000000000      0.119727286164246      3.739E-03  WETZTROPMDO1    
 174016500.0000  0.100000000000000      0.119599591029502      3.911E-03  WETZTROPMDO1    
 174016800.0000  0.100000000000000      0.118900442949729      4.073E-03  WETZTROPMDO1    
 174017100.0000  0.100000000000000      0.118286482322546      4.221E-03  WETZTROPMDO1    
 174017400.0000  0.100000000000000      0.117725913573946      4.353E-03  WETZTROPMDO1    
 174017700.0000  0.100000000000000      0.117543509697191      4.480E-03  WETZTROPMDO1    
 174018000.0000  0.100000000000000      0.117297235415449      4.636E-03  WETZTROPMDO1    
 174018300.0000  0.100000000000000      0.116524482298822      4.726E-03  WETZTROPMDO1    
 174018600.0000  0.100000000000000      0.115502672871996      4.747E-03  WETZTROPMDO1    
 174018900.0000  0.100000000000000      0.114280715847692      4.696E-03  WETZTROPMDO1    
 174019200.0000  0.100000000000000      0.112887401818124      4.573E-03  WETZTROPMDO1    
 174019500.0000  0.100000000000000      0.111513228825496      4.378E-03  WETZTROPMDO1    
 174019800.0000  0.100000000000000      0.110301135102396      4.113E-03  WETZTROPMDO1    
 174020100.0000  0.100000000000000      0.109409877396028      3.766E-03  WETZTROPMDO1    
 174020400.0000  0.100000000000000      0.108094607121148      3.291E-03  WETZTROPMDO1    
 174020700.0000  0.100000000000000      0.106879078838466      3.104E-03  WETZTROPMDO1    
 174021000.0000  0.100000000000000      0.106296035191882      3.019E-03  WETZTROPMDO1    
 174021300.0000  0.100000000000000      0.107168755096076      2.880E-03  WETZTROPMDO1    
 174021600.0000  0.100000000000000      0.106173306590843      2.707E-03  WETZTROPMDO1    
 174021900.0000  0.100000000000000      0.104575964293368      2.540E-03  WETZTROPMDO1    
 174022200.0000  0.100000000000000      0.102596073348257      2.657E-03  WETZTROPMDO1    
 174022500.0000  0.100000000000000      0.103349026020284      3.230E-03  WETZTROPMDO1    
 174022800.0000  0.100000000000000      0.104942939988142      3.533E-03  WETZTROPMDO1    
 174023100.0000  0.100000000000000      0.106142190932794      3.686E-03  WETZTROPMDO1    
 174023400.0000  0.100000000000000      0.107438130631120      3.708E-03  WETZTROPMDO1    
 174023700.0000  0.100000000000000      0.109472696189437      3.566E-03  WETZTROPMDO1    
 174024000.0000  0.100000000000000      0.112417621232199      3.149E-03  WETZTROPMDO1    
 174024300.0000  0.100000000000000      0.113762688913396      3.217E-03  WETZTROPMDO1    
 174024600.0000  0.100000000000000      0.114355727000321      3.317E-03  WETZTROPMDO1    
 174024900.0000  0.100000000000000      0.114221086850792      3.333E-03  WETZTROPMDO1    
 174025200.0000  0.100000000000000      0.112404950946249      3.137E-03  WETZTROPMDO1    
 174025500.0000  0.100000000000000      0.109892223321077      3.214E-03  WETZTROPMDO1    
 174025800.0000  0.100000000000000      0.108092307729354      3.331E-03  WETZTROPMDO1    
 174026100.0000  0.100000000000000      0.107493000797467      3.439E-03  WETZTROPMDO1    
 174026400.0000  0.100000000000000      0.107315282072870      3.588E-03  WETZTROPMDO1    
 174026700.0000  0.100000000000000      0.106739955363561      3.699E-03  WETZTROPMDO1    
 174027000.0000  0.100000000000000      0.106220378710160      3.793E-03  WETZTROPMDO1    
 174027300.0000  0.100000000000000      0.105792930602034      3.726E-03  WETZTROPMDO1    
 174027600.0000  0.100000000000000      0.105549534436881      3.637E-03  WETZTROPMDO1    
 174027900.0000  0.100000000000000      0.105722046126853      3.499E-03  WETZTROPMDO1    
 174028200.0000  0.100000000000000      0.105895575651270      3.280E-03  WETZTROPMDO1    
 174028500.0000  0.100000000000000      0.105727969428668      3.356E-03  WETZTROPMDO1    
 174028800.0000  0.100000000000000      0.106166768278652      3.568E-03  WETZTROPMDO1    
 174029100.0000  0.100000000000000      0.106269593131753      3.758E-03  WETZTROPMDO1    
 174029400.0000  0.100000000000000      0.104441981849184      3.860E-03  WETZTROPMDO1    
 174029700.0000  0.100000000000000      0.103786120761921      3.907E-03  WETZTROPMDO1    
 174030000.0000  0.100000000000000      0.104420109705266      4.136E-03  WETZTROPMDO1    
 174030300.0000  0.100000000000000      0.105214096282535      4.276E-03  WETZTROPMDO1    
 174030600.0000  0.100000000000000      0.106025469036539      4.341E-03  WETZTROPMDO1    
 174030900.0000  0.100000000000000      0.106519305053710      4.342E-03  WETZTROPMDO1    
 174031200.0000  0.100000000000000      0.106844598409579      4.288E-03  WETZTROPMDO1    
 174031500.0000  0.100000000000000      0.107760945276728      4.194E-03  WETZTROPMDO1    
 174031800.0000  0.100000000000000      0.108893029710492      3.856E-03  WETZTROPMDO1    
 174032100.0000  0.100000000000000      0.110973753394632      3.446E-03  WETZTROPMDO1    
 174032400.0000  0.100000000000000      0.114006772415650      2.825E-03  WETZTROPMDO1    
 174032700.0000  0.100000000000000      0.114215297902819      2.790E-03  WETZTROPMDO1    
 174033000.0000  0.100000000000000      0.111504580570208      2.899E-03  WETZTROPMDO1    
 174033300.0000  0.100000000000000      0.109466108549455      2.945E-03  WETZTROPMDO1    
 174033600.0000  0.100000000000000      0.108274042982611      2.854E-03  WETZTROPMDO1    
 174033900.0000  0.100000000000000      0.109302256239897      2.872E-03  WETZTROPMDO1    
 174034200.0000  0.100000000000000      0.111323603166028      3.309E-03  WETZTROPMDO1    
 174034500.0000  0.100000000000000      0.113286264613609      3.569E-03  WETZTROPMDO1    
 174034800.0000  0.100000000000000      0.113966441160500      3.743E-03  WETZTROPMDO1    
 174035100.0000  0.100000000000000      0.114856594902348      3.861E-03  WETZTROPMDO1    
 174035400.0000  0.100000000000000      0.115966374417423      3.935E-03  WETZTROPMDO1    
 174035700.0000  0.100000000000000      0.117773823572901      3.979E-03  WETZTROPMDO1    
 174036000.0000  0.100000000000000      0.118516075190742      4.029E-03  WETZTROPMDO1    
 174036300.0000  0.100000000000000      0.116870339267059      4.170E-03  WETZTROPMDO1    
 174036600.0000  0.100000000000000      0.116232824875201      4.141E-03  WETZTROPMDO1    
 174036900.0000  0.100000000000000      0.116090666723781      4.107E-03  WETZTROPMDO1    
 174037200.0000  0.100000000000000      0.114495121896490      3.964E-03  WETZTROPMDO1    
 174037500.0000  0.100000000000000      0.113211223767943      3.697E-03  WETZTROPMDO1    
 174037800.0000  0.100000000000000      0.113343542953820      3.255E-03  WETZTROPMDO1    
 174038100.0000  0.100000000000000      0.113935861435058      3.196E-03  WETZTROPMDO1    
 174038400.0000  0.100000000000000      0.114885349103408      3.179E-03  WETZTROPMDO1    
 174038700.0000  0.100000000000000      0.118185026728676      3.039E-03  WETZTROPMDO1    
 174039000.0000  0.100000000000000      0.124722372389494      3.092E-03  WETZTROPMDO1    
 174039300.0000  0.100000000000000      0.131898642247018      2.967E-03  WETZTROPMDO1    
 174039600.0000  0.100000000000000      0.135217372026595      2.854E-03  WETZTROPMDO1    
 174039900.0000  0.100000000000000      0.132628679337478      2.899E-03  WETZTROPMDO1    
 174040200.0000  0.100000000000000      0.130949718303518      3.425E-03  WETZTROPMDO1    
 174040500.0000  0.100000000000000      0.128409544806898      3.461E-03  WETZTROPMDO1    
 174040800.0000  0.100000000000000      0.128313411164442      3.663E-03  WETZTROPMDO1    
 174041100.0000  0.100000000000000      0.129108662680675      3.821E-03  WETZTROPMDO1    
 174041400.0000  0.100000000000000      0.127256886045557      3.843E-03  WETZTROPMDO1    
 174041700.0000  0.100000000000000      0.125616945861698      3.740E-03  WETZTROPMDO1    
 174042000.0000  0.100000000000000      0.125638526488607      3.470E-03  WETZTROPMDO1    
 174042300.0000  0.100000000000000      0.126658912629285      3.585E-03  WETZTROPMDO1    
 174042600.0000  0.100000000000000      0.126837457762723      3.457E-03  WETZTROPMDO1    
 174042900.0000  0.100000000000000      0.125135298968370      3.551E-03  WETZTROPMDO1    
 174043200.0000  0.100000000000000      0.124803110559675      3.749E-03  WETZTROPMDO1    
 174043500.0000  0.100000000000000      0.125288054990151      3.620E-03  WETZTROPMDO1    
 174043800.0000  0.100000000000000      0.127730006898460      3.482E-03  WETZTROPMDO1    
 174044100.0000  0.100000000000000      0.127767590924528      3.867E-03  WETZTROPMDO1    
 174044400.0000  0.100000000000000      0.127731982438371      3.880E-03  WETZTROPMDO1    
 174044700.0000  0.100000000000000      0.127090570052972      3.951E-03  WETZTROPMDO1    
 174045000.0000  0.100000000000000      0.125203092850571      4.249E-03  WETZTROPMDO1    
 174045300.0000  0.100000000000000      0.123037726857403      4.409E-03  WETZTROPMDO1    
 174045600.0000  0.100000000000000      0.121239824529317      4.478E-03  WETZTROPMDO1    
 174045900.0000  0.100000000000000      0.119430218176484      4.412E-03  WETZTROPMDO1    
 174046200.0000  0.100000000000000      0.118969187803678      4.310E-03  WETZTROPMDO1    
 174046500.0000  0.100000000000000      0.118952851718335      4.188E-03  WETZTROPMDO1    
 174046800.0000  0.100000000000000      0.119904498690821      4.069E-03  WETZTROPMDO1    
 174047100.0000  0.100000000000000      0.121384401635896      3.748E-03  WETZTROPMDO1    
 174047400.0000  0.100000000000000      0.123177267667016      3.413E-03  WETZTROPMDO1    
 174047700.0000  0.100000000000000      0.123758972911121      2.970E-03  WETZTROPMDO1    
 174048000.0000  0.100000000000000      0.122217091741355      2.859E-03  WETZTROPMDO1    
 174048300.0000  0.100000000000000      0.120301882769378      2.821E-03  WETZTROPMDO1    
 174048600.0000  0.100000000000000      0.119476854778500      2.455E-03  WETZTROPMDO1    
 174048900.0000  0.100000000000000      0.120125372906782      2.429E-03  WETZTROPMDO1    
 174049200.0000  0.100000000000000      0.120517134911979      2.529E-03  WETZTROPMDO1    
 174049500.0000  0.100000000000000      0.119455585184395      2.529E-03  WETZTROPMDO1    
 174049800.0000  0.100000000000000      0.121557237408506      2.726E-03  WETZTROPMDO1    
 174050100.0000  0.100000000000000      0.125857215008958      2.718E-03  WETZTROPMDO1    
 174050400.0000  0.100000000000000      0.124963609625899      3.014E-03  WETZTROPMDO1    
 174050700.0000  0.100000000000000      0.121948223644994      3.465E-03  WETZTROPMDO1    
 174051000.0000  0.100000000000000      0.119795966919442      3.773E-03  WETZTROPMDO1    
 174051300.0000  0.100000000000000      0.117616600704744      3.995E-03  WETZTROPMDO1    
 174051600.0000  0.100000000000000      0.117196464771369      4.347E-03  WETZTROPMDO1    
 174051900.0000  0.100000000000000      0.116511832701444      4.743E-03  WETZTROPMDO1    
 174052200.0000  0.100000000000000      0.115678198323457      5.179E-03  WETZTROPMDO1    
 174052500.0000  0.100000000000000      0.114814494874675      5.700E-03  WETZTROPMDO1    
