 173621100.0000  0.100000000000000      9.931217373133533E-02  4.618E-03  WETZTROPMDO1    
 173621400.0000  0.100000000000000      9.887257122665125E-02  4.411E-03  WETZTROPMDO1    
 173621700.0000  0.100000000000000      9.769497642534235E-02  4.245E-03  WETZTROPMDO1    
 173622000.0000  0.100000000000000      9.685658482547471E-02  4.150E-03  WETZTROPMDO1    
 173622300.0000  0.100000000000000      9.553858253771608E-02  4.058E-03  WETZTROPMDO1    
 173622600.0000  0.100000000000000      9.399152036350382E-02  3.936E-03  WETZTROPMDO1    
 173622900.0000  0.100000000000000      9.255310417958000E-02  3.779E-03  WETZTROPMDO1    
 173623200.0000  0.100000000000000      9.174406502841091E-02  3.619E-03  WETZTROPMDO1    
 173623500.0000  0.100000000000000      9.185543824429983E-02  3.575E-03  WETZTROPMDO1    
 173623800.0000  0.100000000000000      9.258253900566699E-02  3.451E-03  WETZTROPMDO1    
 173624100.0000  0.100000000000000      9.284841322054097E-02  3.270E-03  WETZTROPMDO1    
 173624400.0000  0.100000000000000      9.183223249134723E-02  3.029E-03  WETZTROPMDO1    
 173624700.0000  0.100000000000000      9.166740325273372E-02  2.669E-03  WETZTROPMDO1    
 173625000.0000  0.100000000000000      9.163156340334733E-02  2.562E-03  WETZTROPMDO1    
 173625300.0000  0.100000000000000      9.105502588081373E-02  2.528E-03  WETZTROPMDO1    
 173625600.0000  0.100000000000000      8.886146088296680E-02  2.978E-03  WETZTROPMDO1    
 173625900.0000  0.100000000000000      8.777208193076437E-02  3.135E-03  WETZTROPMDO1    
 173626200.0000  0.100000000000000      8.798180049067020E-02  3.036E-03  WETZTROPMDO1    
 173626500.0000  0.100000000000000      8.816660039983067E-02  3.160E-03  WETZTROPMDO1    
 173626800.0000  0.100000000000000      8.773759403321255E-02  3.334E-03  WETZTROPMDO1    
 173627100.0000  0.100000000000000      8.555113975079549E-02  3.517E-03  WETZTROPMDO1    
 173627400.0000  0.100000000000000      8.411512676402680E-02  3.697E-03  WETZTROPMDO1    
 173627700.0000  0.100000000000000      8.211966188978810E-02  3.872E-03  WETZTROPMDO1    
 173628000.0000  0.100000000000000      8.061424732681111E-02  4.024E-03  WETZTROPMDO1    
 173628300.0000  0.100000000000000      7.939523509252167E-02  4.140E-03  WETZTROPMDO1    
 173628600.0000  0.100000000000000      7.779007276731321E-02  4.207E-03  WETZTROPMDO1    
 173628900.0000  0.100000000000000      7.610791120960586E-02  4.208E-03  WETZTROPMDO1    
 173629200.0000  0.100000000000000      7.497201382492041E-02  4.126E-03  WETZTROPMDO1    
 173629500.0000  0.100000000000000      7.397730111638139E-02  3.937E-03  WETZTROPMDO1    
 173629800.0000  0.100000000000000      7.307744995142892E-02  3.596E-03  WETZTROPMDO1    
 173630100.0000  0.100000000000000      7.318897943893482E-02  3.508E-03  WETZTROPMDO1    
 173630400.0000  0.100000000000000      7.117098119841703E-02  3.693E-03  WETZTROPMDO1    
 173630700.0000  0.100000000000000      6.721301251469269E-02  3.928E-03  WETZTROPMDO1    
 173631000.0000  0.100000000000000      6.518465310194432E-02  4.143E-03  WETZTROPMDO1    
 173631300.0000  0.100000000000000      6.561767048098890E-02  4.299E-03  WETZTROPMDO1    
 173631600.0000  0.100000000000000      6.727227293329127E-02  4.365E-03  WETZTROPMDO1    
 173631900.0000  0.100000000000000      6.886832864287817E-02  4.312E-03  WETZTROPMDO1    
 173632200.0000  0.100000000000000      7.045488565383765E-02  4.119E-03  WETZTROPMDO1    
 173632500.0000  0.100000000000000      7.119503949584259E-02  3.767E-03  WETZTROPMDO1    
 173632800.0000  0.100000000000000      7.141010268370918E-02  3.642E-03  WETZTROPMDO1    
 173633100.0000  0.100000000000000      7.142062772841927E-02  3.580E-03  WETZTROPMDO1    
 173633400.0000  0.100000000000000      7.077804249539363E-02  3.499E-03  WETZTROPMDO1    
 173633700.0000  0.100000000000000      7.086234314033117E-02  3.390E-03  WETZTROPMDO1    
 173634000.0000  0.100000000000000      7.099592747610019E-02  3.275E-03  WETZTROPMDO1    
 173634300.0000  0.100000000000000      7.062014042774681E-02  3.234E-03  WETZTROPMDO1    
 173634600.0000  0.100000000000000      7.034709763685190E-02  3.119E-03  WETZTROPMDO1    
 173634900.0000  0.100000000000000      6.800070625951776E-02  2.954E-03  WETZTROPMDO1    
 173635200.0000  0.100000000000000      6.601379273158794E-02  2.724E-03  WETZTROPMDO1    
 173635500.0000  0.100000000000000      6.685160299332792E-02  2.634E-03  WETZTROPMDO1    
 173635800.0000  0.100000000000000      6.697999188194595E-02  2.461E-03  WETZTROPMDO1    
 173636100.0000  0.100000000000000      6.594769302814299E-02  2.976E-03  WETZTROPMDO1    
 173636400.0000  0.100000000000000      6.547728636522943E-02  3.319E-03  WETZTROPMDO1    
 173636700.0000  0.100000000000000      6.434885748576133E-02  3.589E-03  WETZTROPMDO1    
 173637000.0000  0.100000000000000      6.279195660687920E-02  3.812E-03  WETZTROPMDO1    
 173637300.0000  0.100000000000000      6.207364110544468E-02  4.002E-03  WETZTROPMDO1    
 173637600.0000  0.100000000000000      6.179392340599278E-02  4.120E-03  WETZTROPMDO1    
 173637900.0000  0.100000000000000      6.194870899448291E-02  4.176E-03  WETZTROPMDO1    
 173638200.0000  0.100000000000000      6.244777668872711E-02  4.214E-03  WETZTROPMDO1    
 173638500.0000  0.100000000000000      6.267442221489006E-02  4.185E-03  WETZTROPMDO1    
 173638800.0000  0.100000000000000      6.272090946600491E-02  4.047E-03  WETZTROPMDO1    
 173639100.0000  0.100000000000000      6.296716648067857E-02  3.746E-03  WETZTROPMDO1    
 173639400.0000  0.100000000000000      6.320740398121037E-02  3.167E-03  WETZTROPMDO1    
 173639700.0000  0.100000000000000      6.399353308809032E-02  3.135E-03  WETZTROPMDO1    
 173640000.0000  0.100000000000000      6.201804821861956E-02  3.208E-03  WETZTROPMDO1    
 173640300.0000  0.100000000000000      6.095612343479159E-02  3.284E-03  WETZTROPMDO1    
 173640600.0000  0.100000000000000      6.093934415732153E-02  3.349E-03  WETZTROPMDO1    
 173640900.0000  0.100000000000000      6.147832566658881E-02  3.339E-03  WETZTROPMDO1    
 173641200.0000  0.100000000000000      6.168643270541013E-02  3.265E-03  WETZTROPMDO1    
 173641500.0000  0.100000000000000      6.093835270076042E-02  3.158E-03  WETZTROPMDO1    
 173641800.0000  0.100000000000000      6.290287457238825E-02  3.120E-03  WETZTROPMDO1    
 173642100.0000  0.100000000000000      6.483673902075088E-02  3.549E-03  WETZTROPMDO1    
 173642400.0000  0.100000000000000      6.668772031738693E-02  3.637E-03  WETZTROPMDO1    
 173642700.0000  0.100000000000000      6.839813796517283E-02  3.412E-03  WETZTROPMDO1    
 173643000.0000  0.100000000000000      6.999033108167557E-02  2.778E-03  WETZTROPMDO1    
 173643300.0000  0.100000000000000      6.946273720866453E-02  2.842E-03  WETZTROPMDO1    
 173643600.0000  0.100000000000000      7.059182120385660E-02  2.959E-03  WETZTROPMDO1    
 173643900.0000  0.100000000000000      7.093430996563357E-02  2.991E-03  WETZTROPMDO1    
 173644200.0000  0.100000000000000      7.021924162856144E-02  2.783E-03  WETZTROPMDO1    
 173644500.0000  0.100000000000000      7.144950316976982E-02  2.912E-03  WETZTROPMDO1    
 173644800.0000  0.100000000000000      6.965478755751221E-02  3.061E-03  WETZTROPMDO1    
 173645100.0000  0.100000000000000      6.757988919419758E-02  3.225E-03  WETZTROPMDO1    
 173645400.0000  0.100000000000000      6.961741885412684E-02  3.546E-03  WETZTROPMDO1    
 173645700.0000  0.100000000000000      7.100765241538404E-02  3.784E-03  WETZTROPMDO1    
 173646000.0000  0.100000000000000      7.125274039447624E-02  3.960E-03  WETZTROPMDO1    
 173646300.0000  0.100000000000000      7.173875662813463E-02  4.074E-03  WETZTROPMDO1    
 173646600.0000  0.100000000000000      7.265392936927192E-02  4.120E-03  WETZTROPMDO1    
 173646900.0000  0.100000000000000      7.318337743531697E-02  4.069E-03  WETZTROPMDO1    
 173647200.0000  0.100000000000000      7.388337075341123E-02  3.891E-03  WETZTROPMDO1    
 173647500.0000  0.100000000000000      7.450995078634587E-02  3.537E-03  WETZTROPMDO1    
 173647800.0000  0.100000000000000      7.499048613755098E-02  2.884E-03  WETZTROPMDO1    
 173648100.0000  0.100000000000000      7.473668715921755E-02  2.881E-03  WETZTROPMDO1    
 173648400.0000  0.100000000000000      7.556146277915497E-02  2.970E-03  WETZTROPMDO1    
 173648700.0000  0.100000000000000      7.536261510474435E-02  3.061E-03  WETZTROPMDO1    
 173649000.0000  0.100000000000000      7.455645510513731E-02  3.130E-03  WETZTROPMDO1    
 173649300.0000  0.100000000000000      7.329053715394822E-02  3.166E-03  WETZTROPMDO1    
 173649600.0000  0.100000000000000      7.199409109920940E-02  3.168E-03  WETZTROPMDO1    
 173649900.0000  0.100000000000000      6.942203016518632E-02  3.155E-03  WETZTROPMDO1    
 173650200.0000  0.100000000000000      6.647427938534628E-02  3.057E-03  WETZTROPMDO1    
 173650500.0000  0.100000000000000      6.554918389404057E-02  3.029E-03  WETZTROPMDO1    
 173650800.0000  0.100000000000000      6.621220657444181E-02  2.942E-03  WETZTROPMDO1    
 173651100.0000  0.100000000000000      6.954811584180652E-02  2.812E-03  WETZTROPMDO1    
 173651400.0000  0.100000000000000      6.994222008538006E-02  2.782E-03  WETZTROPMDO1    
 173651700.0000  0.100000000000000      7.032120378603401E-02  2.868E-03  WETZTROPMDO1    
 173652000.0000  0.100000000000000      7.087879785181725E-02  3.557E-03  WETZTROPMDO1    
 173652300.0000  0.100000000000000      7.417579516223718E-02  3.821E-03  WETZTROPMDO1    
 173652600.0000  0.100000000000000      7.754096187710371E-02  3.573E-03  WETZTROPMDO1    
 173652900.0000  0.100000000000000      7.730823068079254E-02  3.681E-03  WETZTROPMDO1    
 173653200.0000  0.100000000000000      7.739993468161095E-02  3.535E-03  WETZTROPMDO1    
 173653500.0000  0.100000000000000      7.626779702570367E-02  3.502E-03  WETZTROPMDO1    
 173653800.0000  0.100000000000000      7.708249463075886E-02  3.014E-03  WETZTROPMDO1    
 173654100.0000  0.100000000000000      7.671959648644776E-02  2.975E-03  WETZTROPMDO1    
 173654400.0000  0.100000000000000      7.673888437970031E-02  3.016E-03  WETZTROPMDO1    
 173654700.0000  0.100000000000000      7.614904516252946E-02  3.040E-03  WETZTROPMDO1    
 173655000.0000  0.100000000000000      7.580674155960999E-02  3.018E-03  WETZTROPMDO1    
 173655300.0000  0.100000000000000      7.580568259020418E-02  2.951E-03  WETZTROPMDO1    
 173655600.0000  0.100000000000000      7.660297567119945E-02  2.893E-03  WETZTROPMDO1    
 173655900.0000  0.100000000000000      7.883949133412979E-02  2.789E-03  WETZTROPMDO1    
 173656200.0000  0.100000000000000      7.935331805804779E-02  2.652E-03  WETZTROPMDO1    
 173656500.0000  0.100000000000000      7.746445472745375E-02  2.479E-03  WETZTROPMDO1    
 173656800.0000  0.100000000000000      7.440087427375142E-02  2.252E-03  WETZTROPMDO1    
 173657100.0000  0.100000000000000      7.325079371729692E-02  2.251E-03  WETZTROPMDO1    
 173657400.0000  0.100000000000000      7.460641841102553E-02  2.448E-03  WETZTROPMDO1    
 173657700.0000  0.100000000000000      7.426124833440384E-02  2.615E-03  WETZTROPMDO1    
 173658000.0000  0.100000000000000      7.402416290785464E-02  2.880E-03  WETZTROPMDO1    
 173658300.0000  0.100000000000000      7.350988911065806E-02  3.083E-03  WETZTROPMDO1    
 173658600.0000  0.100000000000000      7.456282750335144E-02  3.191E-03  WETZTROPMDO1    
 173658900.0000  0.100000000000000      7.539902721124306E-02  3.143E-03  WETZTROPMDO1    
 173659200.0000  0.100000000000000      7.579919160121690E-02  3.034E-03  WETZTROPMDO1    
 173659500.0000  0.100000000000000      7.482761153179866E-02  3.464E-03  WETZTROPMDO1    
 173659800.0000  0.100000000000000      7.376927139454607E-02  3.705E-03  WETZTROPMDO1    
 173660100.0000  0.100000000000000      7.285259451944022E-02  3.811E-03  WETZTROPMDO1    
 173660400.0000  0.100000000000000      7.197500340996886E-02  3.772E-03  WETZTROPMDO1    
 173660700.0000  0.100000000000000      7.139149926961251E-02  3.536E-03  WETZTROPMDO1    
 173661000.0000  0.100000000000000      7.066554186021240E-02  2.981E-03  WETZTROPMDO1    
 173661300.0000  0.100000000000000      6.809303146384296E-02  2.935E-03  WETZTROPMDO1    
 173661600.0000  0.100000000000000      6.483506366697431E-02  2.855E-03  WETZTROPMDO1    
 173661900.0000  0.100000000000000      6.581328556080746E-02  2.972E-03  WETZTROPMDO1    
 173662200.0000  0.100000000000000      6.684728476993346E-02  3.055E-03  WETZTROPMDO1    
 173662500.0000  0.100000000000000      6.567095084554417E-02  2.933E-03  WETZTROPMDO1    
 173662800.0000  0.100000000000000      6.407246943165842E-02  3.065E-03  WETZTROPMDO1    
 173663100.0000  0.100000000000000      6.262801381602587E-02  3.279E-03  WETZTROPMDO1    
 173663400.0000  0.100000000000000      6.185973329654632E-02  3.418E-03  WETZTROPMDO1    
 173663700.0000  0.100000000000000      6.213057566325360E-02  3.455E-03  WETZTROPMDO1    
 173664000.0000  0.100000000000000      6.317155053167273E-02  3.333E-03  WETZTROPMDO1    
 173664300.0000  0.100000000000000      6.380989143658441E-02  2.946E-03  WETZTROPMDO1    
 173664600.0000  0.100000000000000      6.206152456247895E-02  2.952E-03  WETZTROPMDO1    
 173664900.0000  0.100000000000000      5.965236076331379E-02  2.999E-03  WETZTROPMDO1    
 173665200.0000  0.100000000000000      5.951764976090079E-02  3.025E-03  WETZTROPMDO1    
 173665500.0000  0.100000000000000      5.992998764159196E-02  3.029E-03  WETZTROPMDO1    
 173665800.0000  0.100000000000000      6.067007383337854E-02  3.122E-03  WETZTROPMDO1    
 173666100.0000  0.100000000000000      6.045945844856412E-02  3.156E-03  WETZTROPMDO1    
 173666400.0000  0.100000000000000      6.264437540461033E-02  3.386E-03  WETZTROPMDO1    
 173666700.0000  0.100000000000000      6.350947574496588E-02  3.338E-03  WETZTROPMDO1    
 173667000.0000  0.100000000000000      6.241616731546065E-02  3.151E-03  WETZTROPMDO1    
 173667300.0000  0.100000000000000      6.192278701118866E-02  2.958E-03  WETZTROPMDO1    
 173667600.0000  0.100000000000000      6.129451070543871E-02  3.302E-03  WETZTROPMDO1    
 173667900.0000  0.100000000000000      6.069350862452517E-02  3.334E-03  WETZTROPMDO1    
 173668200.0000  0.100000000000000      5.926343346018578E-02  3.128E-03  WETZTROPMDO1    
 173668500.0000  0.100000000000000      5.701537142872651E-02  2.633E-03  WETZTROPMDO1    
 173668800.0000  0.100000000000000      5.629336991301873E-02  2.580E-03  WETZTROPMDO1    
 173669100.0000  0.100000000000000      5.801348147698492E-02  2.439E-03  WETZTROPMDO1    
 173669400.0000  0.100000000000000      6.006012712032589E-02  2.467E-03  WETZTROPMDO1    
 173669700.0000  0.100000000000000      5.765264362318662E-02  2.492E-03  WETZTROPMDO1    
 173670000.0000  0.100000000000000      5.549749900032561E-02  2.773E-03  WETZTROPMDO1    
 173670300.0000  0.100000000000000      5.487900261971888E-02  2.956E-03  WETZTROPMDO1    
 173670600.0000  0.100000000000000      5.539885410602400E-02  3.123E-03  WETZTROPMDO1    
 173670900.0000  0.100000000000000      5.545942131662347E-02  3.289E-03  WETZTROPMDO1    
 173671200.0000  0.100000000000000      5.464202806854613E-02  3.456E-03  WETZTROPMDO1    
 173671500.0000  0.100000000000000      5.420481487759426E-02  3.620E-03  WETZTROPMDO1    
 173671800.0000  0.100000000000000      5.373751279076076E-02  3.777E-03  WETZTROPMDO1    
 173672100.0000  0.100000000000000      5.304431762134838E-02  3.918E-03  WETZTROPMDO1    
 173672400.0000  0.100000000000000      5.268468071618959E-02  4.037E-03  WETZTROPMDO1    
 173672700.0000  0.100000000000000      5.223264530286675E-02  4.128E-03  WETZTROPMDO1    
 173673000.0000  0.100000000000000      5.224804549619680E-02  4.191E-03  WETZTROPMDO1    
 173673300.0000  0.100000000000000      5.214061135886790E-02  4.238E-03  WETZTROPMDO1    
 173673600.0000  0.100000000000000      5.201016073365173E-02  4.297E-03  WETZTROPMDO1    
 173673900.0000  0.100000000000000      5.207780953474891E-02  4.434E-03  WETZTROPMDO1    
 173674200.0000  0.100000000000000      5.226448002966241E-02  4.448E-03  WETZTROPMDO1    
 173674500.0000  0.100000000000000      5.248280247601828E-02  4.345E-03  WETZTROPMDO1    
 173674800.0000  0.100000000000000      5.280842729049272E-02  4.124E-03  WETZTROPMDO1    
 173675100.0000  0.100000000000000      5.324214278478445E-02  3.762E-03  WETZTROPMDO1    
 173675400.0000  0.100000000000000      5.385949136065309E-02  3.191E-03  WETZTROPMDO1    
 173675700.0000  0.100000000000000      5.256028757073550E-02  3.097E-03  WETZTROPMDO1    
 173676000.0000  0.100000000000000      5.223036351960800E-02  3.096E-03  WETZTROPMDO1    
 173676300.0000  0.100000000000000      5.196913505715788E-02  3.100E-03  WETZTROPMDO1    
 173676600.0000  0.100000000000000      5.266867507066926E-02  2.929E-03  WETZTROPMDO1    
 173676900.0000  0.100000000000000      5.320373362012783E-02  2.782E-03  WETZTROPMDO1    
 173677200.0000  0.100000000000000      5.167080538921551E-02  2.738E-03  WETZTROPMDO1    
 173677500.0000  0.100000000000000      5.077728068389954E-02  2.779E-03  WETZTROPMDO1    
 173677800.0000  0.100000000000000      5.243726471119228E-02  3.292E-03  WETZTROPMDO1    
 173678100.0000  0.100000000000000      5.354891574729880E-02  3.582E-03  WETZTROPMDO1    
 173678400.0000  0.100000000000000      5.476746562521397E-02  3.757E-03  WETZTROPMDO1    
 173678700.0000  0.100000000000000      5.631333022315428E-02  3.840E-03  WETZTROPMDO1    
 173679000.0000  0.100000000000000      5.818142209369172E-02  3.825E-03  WETZTROPMDO1    
 173679300.0000  0.100000000000000      5.884725333507893E-02  3.671E-03  WETZTROPMDO1    
 173679600.0000  0.100000000000000      5.947543193240720E-02  3.279E-03  WETZTROPMDO1    
 173679900.0000  0.100000000000000      5.917183419791845E-02  3.332E-03  WETZTROPMDO1    
 173680200.0000  0.100000000000000      5.956820391046288E-02  3.421E-03  WETZTROPMDO1    
 173680500.0000  0.100000000000000      5.884529508014422E-02  3.432E-03  WETZTROPMDO1    
 173680800.0000  0.100000000000000      5.810916802568765E-02  3.256E-03  WETZTROPMDO1    
 173681100.0000  0.100000000000000      5.956701900424698E-02  3.318E-03  WETZTROPMDO1    
 173681400.0000  0.100000000000000      6.033108401736876E-02  3.415E-03  WETZTROPMDO1    
 173681700.0000  0.100000000000000      6.047512957487888E-02  3.508E-03  WETZTROPMDO1    
 173682000.0000  0.100000000000000      6.026245500440906E-02  3.644E-03  WETZTROPMDO1    
 173682300.0000  0.100000000000000      6.159494987686755E-02  3.760E-03  WETZTROPMDO1    
 173682600.0000  0.100000000000000      6.330777659850012E-02  3.720E-03  WETZTROPMDO1    
 173682900.0000  0.100000000000000      6.524230138898228E-02  3.665E-03  WETZTROPMDO1    
 173683200.0000  0.100000000000000      6.700694134437084E-02  3.586E-03  WETZTROPMDO1    
 173683500.0000  0.100000000000000      6.851205553671327E-02  3.485E-03  WETZTROPMDO1    
 173683800.0000  0.100000000000000      7.051902277433397E-02  3.369E-03  WETZTROPMDO1    
 173684100.0000  0.100000000000000      7.114695781628004E-02  3.521E-03  WETZTROPMDO1    
 173684400.0000  0.100000000000000      7.119607931076787E-02  3.660E-03  WETZTROPMDO1    
 173684700.0000  0.100000000000000      6.885363926933644E-02  3.707E-03  WETZTROPMDO1    
 173685000.0000  0.100000000000000      6.798529558988303E-02  3.662E-03  WETZTROPMDO1    
 173685300.0000  0.100000000000000      6.829469016873291E-02  3.938E-03  WETZTROPMDO1    
 173685600.0000  0.100000000000000      6.897827533788183E-02  4.086E-03  WETZTROPMDO1    
 173685900.0000  0.100000000000000      6.893802200223528E-02  4.126E-03  WETZTROPMDO1    
 173686200.0000  0.100000000000000      6.852420403917019E-02  4.061E-03  WETZTROPMDO1    
 173686500.0000  0.100000000000000      6.847868622308270E-02  3.879E-03  WETZTROPMDO1    
 173686800.0000  0.100000000000000      6.887380935423117E-02  3.547E-03  WETZTROPMDO1    
 173687100.0000  0.100000000000000      7.022331776400328E-02  2.965E-03  WETZTROPMDO1    
 173687400.0000  0.100000000000000      7.287613879044634E-02  3.014E-03  WETZTROPMDO1    
 173687700.0000  0.100000000000000      7.645361707515264E-02  2.560E-03  WETZTROPMDO1    
 173688000.0000  0.100000000000000      7.482926672593090E-02  2.581E-03  WETZTROPMDO1    
 173688300.0000  0.100000000000000      7.276137683755582E-02  2.728E-03  WETZTROPMDO1    
 173688600.0000  0.100000000000000      7.219111840495752E-02  2.933E-03  WETZTROPMDO1    
 173688900.0000  0.100000000000000      7.349361389304748E-02  2.726E-03  WETZTROPMDO1    
 173689200.0000  0.100000000000000      7.701430600178417E-02  2.690E-03  WETZTROPMDO1    
 173689500.0000  0.100000000000000      8.009319859723564E-02  2.717E-03  WETZTROPMDO1    
 173689800.0000  0.100000000000000      7.982484023781097E-02  3.063E-03  WETZTROPMDO1    
 173690100.0000  0.100000000000000      7.986933390218326E-02  3.231E-03  WETZTROPMDO1    
 173690400.0000  0.100000000000000      7.863562233251661E-02  3.336E-03  WETZTROPMDO1    
 173690700.0000  0.100000000000000      7.682146784386704E-02  3.411E-03  WETZTROPMDO1    
 173691000.0000  0.100000000000000      7.582019434574491E-02  3.471E-03  WETZTROPMDO1    
 173691300.0000  0.100000000000000      7.512142210173259E-02  3.527E-03  WETZTROPMDO1    
 173691600.0000  0.100000000000000      7.429541162181146E-02  3.602E-03  WETZTROPMDO1    
 173691900.0000  0.100000000000000      7.430789146156508E-02  3.740E-03  WETZTROPMDO1    
 173692200.0000  0.100000000000000      7.422774097209847E-02  3.607E-03  WETZTROPMDO1    
 173692500.0000  0.100000000000000      7.471146447092504E-02  3.567E-03  WETZTROPMDO1    
 173692800.0000  0.100000000000000      7.535548774348960E-02  3.636E-03  WETZTROPMDO1    
 173693100.0000  0.100000000000000      7.593200264142666E-02  3.477E-03  WETZTROPMDO1    
 173693400.0000  0.100000000000000      7.671951365848677E-02  3.050E-03  WETZTROPMDO1    
 173693700.0000  0.100000000000000      7.715491410208486E-02  3.024E-03  WETZTROPMDO1    
 173694000.0000  0.100000000000000      7.439890516141359E-02  2.938E-03  WETZTROPMDO1    
 173694300.0000  0.100000000000000      7.210521246905516E-02  2.966E-03  WETZTROPMDO1    
 173694600.0000  0.100000000000000      7.015457404027567E-02  2.958E-03  WETZTROPMDO1    
 173694900.0000  0.100000000000000      6.933498721558452E-02  2.886E-03  WETZTROPMDO1    
 173695200.0000  0.100000000000000      6.938055724544187E-02  2.802E-03  WETZTROPMDO1    
 173695500.0000  0.100000000000000      6.954172594325025E-02  3.018E-03  WETZTROPMDO1    
 173695800.0000  0.100000000000000      6.970498741679951E-02  2.792E-03  WETZTROPMDO1    
 173696100.0000  0.100000000000000      7.160150919907733E-02  3.116E-03  WETZTROPMDO1    
 173696400.0000  0.100000000000000      7.228168825735118E-02  3.004E-03  WETZTROPMDO1    
 173696700.0000  0.100000000000000      7.167046127515950E-02  3.095E-03  WETZTROPMDO1    
 173697000.0000  0.100000000000000      7.069313053380367E-02  3.195E-03  WETZTROPMDO1    
 173697300.0000  0.100000000000000      7.046303187821168E-02  3.275E-03  WETZTROPMDO1    
 173697600.0000  0.100000000000000      7.077270397118254E-02  3.325E-03  WETZTROPMDO1    
 173697900.0000  0.100000000000000      6.905892036584385E-02  3.349E-03  WETZTROPMDO1    
 173698200.0000  0.100000000000000      6.792591283300342E-02  3.357E-03  WETZTROPMDO1    
 173698500.0000  0.100000000000000      6.746169384810788E-02  3.383E-03  WETZTROPMDO1    
 173698800.0000  0.100000000000000      6.974010114566125E-02  3.524E-03  WETZTROPMDO1    
 173699100.0000  0.100000000000000      7.240701786641579E-02  3.272E-03  WETZTROPMDO1    
 173699400.0000  0.100000000000000      7.374894519554911E-02  3.270E-03  WETZTROPMDO1    
 173699700.0000  0.100000000000000      7.313188566865696E-02  3.822E-03  WETZTROPMDO1    
 173700000.0000  0.100000000000000      7.288425814858435E-02  4.148E-03  WETZTROPMDO1    
 173700300.0000  0.100000000000000      7.276908942307425E-02  4.330E-03  WETZTROPMDO1    
 173700600.0000  0.100000000000000      7.262934760750908E-02  4.404E-03  WETZTROPMDO1    
 173700900.0000  0.100000000000000      7.249430779865076E-02  4.394E-03  WETZTROPMDO1    
 173701200.0000  0.100000000000000      7.208392671012626E-02  4.312E-03  WETZTROPMDO1    
 173701500.0000  0.100000000000000      7.172780945374699E-02  4.166E-03  WETZTROPMDO1    
 173701800.0000  0.100000000000000      7.132210355070168E-02  3.952E-03  WETZTROPMDO1    
 173702100.0000  0.100000000000000      7.097674293215320E-02  3.652E-03  WETZTROPMDO1    
 173702400.0000  0.100000000000000      7.101552229190231E-02  3.197E-03  WETZTROPMDO1    
 173702700.0000  0.100000000000000      6.983667493229777E-02  3.103E-03  WETZTROPMDO1    
 173703000.0000  0.100000000000000      6.896219908727363E-02  3.094E-03  WETZTROPMDO1    
 173703300.0000  0.100000000000000      6.853601815711652E-02  3.093E-03  WETZTROPMDO1    
 173703600.0000  0.100000000000000      6.818998876905842E-02  3.080E-03  WETZTROPMDO1    
 173703900.0000  0.100000000000000      6.739058057074071E-02  3.055E-03  WETZTROPMDO1    
 173704200.0000  0.100000000000000      6.667584762442778E-02  3.056E-03  WETZTROPMDO1    
 173704500.0000  0.100000000000000      6.556438419647229E-02  3.270E-03  WETZTROPMDO1    
 173704800.0000  0.100000000000000      6.419504664970843E-02  3.313E-03  WETZTROPMDO1    
 173705100.0000  0.100000000000000      6.419902057931870E-02  3.273E-03  WETZTROPMDO1    
 173705400.0000  0.100000000000000      6.711804100117140E-02  3.358E-03  WETZTROPMDO1    
 173705700.0000  0.100000000000000      7.094824197275168E-02  3.560E-03  WETZTROPMDO1    
 173706000.0000  0.100000000000000      7.217003043845208E-02  4.237E-03  WETZTROPMDO1    
 173706300.0000  0.100000000000000      7.164004201329342E-02  4.803E-03  WETZTROPMDO1    
 173706600.0000  0.100000000000000      7.239980116027470E-02  5.322E-03  WETZTROPMDO1    
 173706900.0000  0.100000000000000      7.427730725638167E-02  5.863E-03  WETZTROPMDO1    
