 173620800.0000  0.100000000000000      6.404134659711119E-02  4.347E-03  WETZTROPRESO    
 173621100.0000  0.100000000000000      6.371458660062998E-02  4.088E-03  WETZTROPRESO    
 173621400.0000  0.100000000000000      6.267627506273706E-02  3.758E-03  WETZTROPRESO    
 173621700.0000  0.100000000000000      6.104550469654211E-02  3.371E-03  WETZTROPRESO    
 173622000.0000  0.100000000000000      6.014433864752865E-02  3.216E-03  WETZTROPRESO    
 173622300.0000  0.100000000000000      5.805758028312571E-02  2.707E-03  WETZTROPRESO    
 173622600.0000  0.100000000000000      5.859730882990084E-02  2.515E-03  WETZTROPRESO    
 173622900.0000  0.100000000000000      5.850663848938233E-02  2.520E-03  WETZTROPRESO    
 173623200.0000  0.100000000000000      5.831571943467791E-02  2.488E-03  WETZTROPRESO    
 173623500.0000  0.100000000000000      5.979229530693442E-02  2.355E-03  WETZTROPRESO    
 173623800.0000  0.100000000000000      5.931822961309792E-02  2.045E-03  WETZTROPRESO    
 173624100.0000  0.100000000000000      5.873825053554275E-02  2.404E-03  WETZTROPRESO    
 173624400.0000  0.100000000000000      5.950171562236654E-02  2.581E-03  WETZTROPRESO    
 173624700.0000  0.100000000000000      6.100657115205749E-02  2.581E-03  WETZTROPRESO    
 173625000.0000  0.100000000000000      6.239183468433118E-02  2.245E-03  WETZTROPRESO    
 173625300.0000  0.100000000000000      6.293837746962606E-02  2.325E-03  WETZTROPRESO    
 173625600.0000  0.100000000000000      6.216282761660788E-02  2.325E-03  WETZTROPRESO    
 173625900.0000  0.100000000000000      6.158828855889485E-02  2.460E-03  WETZTROPRESO    
 173626200.0000  0.100000000000000      6.222047125478920E-02  2.659E-03  WETZTROPRESO    
 173626500.0000  0.100000000000000      6.287396184739658E-02  2.781E-03  WETZTROPRESO    
 173626800.0000  0.100000000000000      6.357305476010276E-02  2.699E-03  WETZTROPRESO    
 173627100.0000  0.100000000000000      6.485843055011098E-02  2.988E-03  WETZTROPRESO    
 173627400.0000  0.100000000000000      6.393437870851273E-02  3.146E-03  WETZTROPRESO    
 173627700.0000  0.100000000000000      6.313376795962107E-02  3.085E-03  WETZTROPRESO    
 173628000.0000  0.100000000000000      6.400610128919001E-02  2.842E-03  WETZTROPRESO    
 173628300.0000  0.100000000000000      6.437511760097593E-02  2.684E-03  WETZTROPRESO    
 173628600.0000  0.100000000000000      6.426512917413062E-02  2.576E-03  WETZTROPRESO    
 173628900.0000  0.100000000000000      6.365935777493251E-02  2.361E-03  WETZTROPRESO    
 173629200.0000  0.100000000000000      6.509001418166280E-02  2.050E-03  WETZTROPRESO    
 173629500.0000  0.100000000000000      6.446876569653542E-02  2.157E-03  WETZTROPRESO    
 173629800.0000  0.100000000000000      6.488228562144582E-02  2.254E-03  WETZTROPRESO    
 173630100.0000  0.100000000000000      6.537863352170228E-02  2.379E-03  WETZTROPRESO    
 173630400.0000  0.100000000000000      6.192688762052326E-02  2.364E-03  WETZTROPRESO    
 173630700.0000  0.100000000000000      6.092737201326134E-02  2.303E-03  WETZTROPRESO    
 173631000.0000  0.100000000000000      6.162276874686422E-02  2.412E-03  WETZTROPRESO    
 173631300.0000  0.100000000000000      6.201242606149054E-02  2.550E-03  WETZTROPRESO    
 173631600.0000  0.100000000000000      6.173240626130456E-02  2.635E-03  WETZTROPRESO    
 173631900.0000  0.100000000000000      6.093511591571733E-02  2.648E-03  WETZTROPRESO    
 173632200.0000  0.100000000000000      6.110343941748973E-02  2.600E-03  WETZTROPRESO    
 173632500.0000  0.100000000000000      6.311500125712531E-02  2.557E-03  WETZTROPRESO    
 173632800.0000  0.100000000000000      6.303426295631104E-02  3.023E-03  WETZTROPRESO    
 173633100.0000  0.100000000000000      6.365291108337676E-02  3.029E-03  WETZTROPRESO    
 173633400.0000  0.100000000000000      6.473185171719191E-02  2.532E-03  WETZTROPRESO    
 173633700.0000  0.100000000000000      6.577663434554926E-02  2.551E-03  WETZTROPRESO    
 173634000.0000  0.100000000000000      6.627990119379992E-02  2.548E-03  WETZTROPRESO    
 173634300.0000  0.100000000000000      6.670748455012970E-02  2.277E-03  WETZTROPRESO    
 173634600.0000  0.100000000000000      6.687626379351518E-02  2.394E-03  WETZTROPRESO    
 173634900.0000  0.100000000000000      6.726898347264366E-02  2.514E-03  WETZTROPRESO    
 173635200.0000  0.100000000000000      6.757817065859620E-02  2.578E-03  WETZTROPRESO    
 173635500.0000  0.100000000000000      6.769385920971296E-02  2.565E-03  WETZTROPRESO    
 173635800.0000  0.100000000000000      6.707952466370616E-02  2.501E-03  WETZTROPRESO    
 173636100.0000  0.100000000000000      6.912773962312960E-02  2.541E-03  WETZTROPRESO    
 173636400.0000  0.100000000000000      7.014891160156606E-02  2.427E-03  WETZTROPRESO    
 173636700.0000  0.100000000000000      6.927819727789096E-02  2.229E-03  WETZTROPRESO    
 173637000.0000  0.100000000000000      6.860080717830580E-02  2.934E-03  WETZTROPRESO    
 173637300.0000  0.100000000000000      6.826181015781152E-02  3.075E-03  WETZTROPRESO    
 173637600.0000  0.100000000000000      6.801548494596719E-02  2.800E-03  WETZTROPRESO    
 173637900.0000  0.100000000000000      6.981111819403082E-02  2.871E-03  WETZTROPRESO    
 173638200.0000  0.100000000000000      6.983295996897811E-02  2.897E-03  WETZTROPRESO    
 173638500.0000  0.100000000000000      6.899638467410869E-02  2.702E-03  WETZTROPRESO    
 173638800.0000  0.100000000000000      6.916211906695031E-02  2.690E-03  WETZTROPRESO    
 173639100.0000  0.100000000000000      6.966025949622158E-02  2.569E-03  WETZTROPRESO    
 173639400.0000  0.100000000000000      6.816049407034845E-02  2.392E-03  WETZTROPRESO    
 173639700.0000  0.100000000000000      7.021253649055281E-02  2.187E-03  WETZTROPRESO    
 173640000.0000  0.100000000000000      7.127772415338814E-02  2.125E-03  WETZTROPRESO    
 173640300.0000  0.100000000000000      7.196330305454690E-02  2.194E-03  WETZTROPRESO    
 173640600.0000  0.100000000000000      7.038992018200069E-02  2.223E-03  WETZTROPRESO    
 173640900.0000  0.100000000000000      6.916390697932615E-02  1.982E-03  WETZTROPRESO    
 173641200.0000  0.100000000000000      6.735492270745727E-02  2.052E-03  WETZTROPRESO    
 173641500.0000  0.100000000000000      6.735092036585974E-02  2.090E-03  WETZTROPRESO    
 173641800.0000  0.100000000000000      6.860748620032783E-02  2.473E-03  WETZTROPRESO    
 173642100.0000  0.100000000000000      6.840315593105566E-02  2.573E-03  WETZTROPRESO    
 173642400.0000  0.100000000000000      6.794175786947548E-02  2.432E-03  WETZTROPRESO    
 173642700.0000  0.100000000000000      6.629921051712873E-02  2.472E-03  WETZTROPRESO    
 173643000.0000  0.100000000000000      6.852920905740373E-02  2.480E-03  WETZTROPRESO    
 173643300.0000  0.100000000000000      6.989221704697571E-02  2.425E-03  WETZTROPRESO    
 173643600.0000  0.100000000000000      7.262053454074456E-02  2.309E-03  WETZTROPRESO    
 173643900.0000  0.100000000000000      6.863514585863872E-02  2.132E-03  WETZTROPRESO    
 173644200.0000  0.100000000000000      6.909740503935656E-02  2.191E-03  WETZTROPRESO    
 173644500.0000  0.100000000000000      6.950557755486099E-02  2.319E-03  WETZTROPRESO    
 173644800.0000  0.100000000000000      6.941830272915810E-02  2.168E-03  WETZTROPRESO    
 173645100.0000  0.100000000000000      6.932802930110994E-02  2.256E-03  WETZTROPRESO    
 173645400.0000  0.100000000000000      6.687700484785503E-02  2.053E-03  WETZTROPRESO    
 173645700.0000  0.100000000000000      6.987164986392647E-02  1.991E-03  WETZTROPRESO    
 173646000.0000  0.100000000000000      7.211014514829812E-02  2.188E-03  WETZTROPRESO    
 173646300.0000  0.100000000000000      7.225661101296800E-02  2.385E-03  WETZTROPRESO    
 173646600.0000  0.100000000000000      7.204785441903461E-02  2.625E-03  WETZTROPRESO    
 173646900.0000  0.100000000000000      7.160221194319780E-02  2.791E-03  WETZTROPRESO    
 173647200.0000  0.100000000000000      7.108876912710568E-02  2.774E-03  WETZTROPRESO    
 173647500.0000  0.100000000000000      6.985227783004326E-02  2.860E-03  WETZTROPRESO    
 173647800.0000  0.100000000000000      6.807603258105431E-02  2.818E-03  WETZTROPRESO    
 173648100.0000  0.100000000000000      6.720609962739282E-02  2.703E-03  WETZTROPRESO    
 173648400.0000  0.100000000000000      6.904292048219500E-02  2.592E-03  WETZTROPRESO    
 173648700.0000  0.100000000000000      6.960729081607508E-02  2.850E-03  WETZTROPRESO    
 173649000.0000  0.100000000000000      7.058038025555616E-02  2.477E-03  WETZTROPRESO    
 173649300.0000  0.100000000000000      7.357594386985661E-02  2.642E-03  WETZTROPRESO    
 173649600.0000  0.100000000000000      7.059267047970975E-02  2.783E-03  WETZTROPRESO    
 173649900.0000  0.100000000000000      6.982377636453364E-02  2.815E-03  WETZTROPRESO    
 173650200.0000  0.100000000000000      7.098657793275906E-02  2.687E-03  WETZTROPRESO    
 173650500.0000  0.100000000000000      7.084022299971292E-02  2.291E-03  WETZTROPRESO    
 173650800.0000  0.100000000000000      6.855177421287925E-02  2.194E-03  WETZTROPRESO    
 173651100.0000  0.100000000000000      6.855293666625767E-02  1.913E-03  WETZTROPRESO    
 173651400.0000  0.100000000000000      6.760070850969430E-02  1.850E-03  WETZTROPRESO    
 173651700.0000  0.100000000000000      6.636384725444089E-02  1.972E-03  WETZTROPRESO    
 173652000.0000  0.100000000000000      6.641316371912220E-02  2.289E-03  WETZTROPRESO    
 173652300.0000  0.100000000000000      6.893140654326681E-02  2.762E-03  WETZTROPRESO    
 173652600.0000  0.100000000000000      7.012241562859919E-02  2.947E-03  WETZTROPRESO    
 173652900.0000  0.100000000000000      7.065042215082919E-02  2.942E-03  WETZTROPRESO    
 173653200.0000  0.100000000000000      7.086660586465912E-02  2.664E-03  WETZTROPRESO    
 173653500.0000  0.100000000000000      7.085127965257106E-02  2.694E-03  WETZTROPRESO    
 173653800.0000  0.100000000000000      6.907625540329032E-02  2.700E-03  WETZTROPRESO    
 173654100.0000  0.100000000000000      6.862620175036108E-02  2.626E-03  WETZTROPRESO    
 173654400.0000  0.100000000000000      6.751226019503359E-02  2.479E-03  WETZTROPRESO    
 173654700.0000  0.100000000000000      6.804997772727284E-02  2.318E-03  WETZTROPRESO    
 173655000.0000  0.100000000000000      6.751034446568982E-02  2.448E-03  WETZTROPRESO    
 173655300.0000  0.100000000000000      6.658155857266607E-02  2.130E-03  WETZTROPRESO    
 173655600.0000  0.100000000000000      6.661966328620442E-02  2.129E-03  WETZTROPRESO    
 173655900.0000  0.100000000000000      6.591762238622670E-02  2.143E-03  WETZTROPRESO    
 173656200.0000  0.100000000000000      6.678047457041472E-02  2.269E-03  WETZTROPRESO    
 173656500.0000  0.100000000000000      6.822693065033894E-02  2.337E-03  WETZTROPRESO    
 173656800.0000  0.100000000000000      6.826212538774364E-02  2.480E-03  WETZTROPRESO    
 173657100.0000  0.100000000000000      6.736913253567384E-02  2.439E-03  WETZTROPRESO    
 173657400.0000  0.100000000000000      6.737507343199520E-02  2.743E-03  WETZTROPRESO    
 173657700.0000  0.100000000000000      6.756445030677433E-02  2.524E-03  WETZTROPRESO    
 173658000.0000  0.100000000000000      6.904397151882705E-02  2.683E-03  WETZTROPRESO    
 173658300.0000  0.100000000000000      6.903169266469297E-02  2.831E-03  WETZTROPRESO    
 173658600.0000  0.100000000000000      6.886614753135781E-02  2.897E-03  WETZTROPRESO    
 173658900.0000  0.100000000000000      6.873628460120873E-02  2.881E-03  WETZTROPRESO    
 173659200.0000  0.100000000000000      6.766860794174379E-02  2.865E-03  WETZTROPRESO    
 173659500.0000  0.100000000000000      6.810989918070220E-02  3.193E-03  WETZTROPRESO    
 173659800.0000  0.100000000000000      6.847003457173258E-02  3.281E-03  WETZTROPRESO    
 173660100.0000  0.100000000000000      6.880980167216613E-02  3.234E-03  WETZTROPRESO    
 173660400.0000  0.100000000000000      6.960062440115676E-02  3.127E-03  WETZTROPRESO    
 173660700.0000  0.100000000000000      7.001064795943188E-02  3.051E-03  WETZTROPRESO    
 173661000.0000  0.100000000000000      7.066533730973248E-02  2.677E-03  WETZTROPRESO    
 173661300.0000  0.100000000000000      6.842295507897644E-02  2.398E-03  WETZTROPRESO    
 173661600.0000  0.100000000000000      6.741713044007838E-02  2.362E-03  WETZTROPRESO    
 173661900.0000  0.100000000000000      6.415175966790632E-02  2.420E-03  WETZTROPRESO    
 173662200.0000  0.100000000000000      6.593235610530737E-02  2.611E-03  WETZTROPRESO    
 173662500.0000  0.100000000000000      6.604618998669937E-02  2.584E-03  WETZTROPRESO    
 173662800.0000  0.100000000000000      6.601663584913597E-02  2.455E-03  WETZTROPRESO    
 173663100.0000  0.100000000000000      6.635150368679954E-02  2.291E-03  WETZTROPRESO    
 173663400.0000  0.100000000000000      6.599626219860780E-02  2.234E-03  WETZTROPRESO    
 173663700.0000  0.100000000000000      6.608114106924270E-02  2.264E-03  WETZTROPRESO    
 173664000.0000  0.100000000000000      6.578442637865009E-02  2.297E-03  WETZTROPRESO    
 173664300.0000  0.100000000000000      6.451644146185453E-02  2.706E-03  WETZTROPRESO    
 173664600.0000  0.100000000000000      6.396277385508851E-02  2.624E-03  WETZTROPRESO    
 173664900.0000  0.100000000000000      6.386613994191684E-02  2.772E-03  WETZTROPRESO    
 173665200.0000  0.100000000000000      6.341387907119021E-02  2.928E-03  WETZTROPRESO    
 173665500.0000  0.100000000000000      6.458776140860004E-02  3.032E-03  WETZTROPRESO    
 173665800.0000  0.100000000000000      6.535821877937636E-02  3.023E-03  WETZTROPRESO    
 173666100.0000  0.100000000000000      6.678053798533101E-02  2.904E-03  WETZTROPRESO    
 173666400.0000  0.100000000000000      6.823634641266355E-02  2.625E-03  WETZTROPRESO    
 173666700.0000  0.100000000000000      6.802497981092669E-02  2.580E-03  WETZTROPRESO    
 173667000.0000  0.100000000000000      6.683887425501128E-02  2.718E-03  WETZTROPRESO    
 173667300.0000  0.100000000000000      6.536535130730294E-02  2.231E-03  WETZTROPRESO    
 173667600.0000  0.100000000000000      6.548787518363833E-02  2.318E-03  WETZTROPRESO    
 173667900.0000  0.100000000000000      6.578979313691435E-02  2.118E-03  WETZTROPRESO    
 173668200.0000  0.100000000000000      6.654152365355351E-02  2.043E-03  WETZTROPRESO    
 173668500.0000  0.100000000000000      6.610681593780683E-02  2.262E-03  WETZTROPRESO    
 173668800.0000  0.100000000000000      6.519784544863526E-02  2.423E-03  WETZTROPRESO    
 173669100.0000  0.100000000000000      6.551902352947669E-02  2.266E-03  WETZTROPRESO    
 173669400.0000  0.100000000000000      6.558777440091484E-02  2.375E-03  WETZTROPRESO    
 173669700.0000  0.100000000000000      6.503142111356730E-02  2.268E-03  WETZTROPRESO    
 173670000.0000  0.100000000000000      6.642897428426695E-02  2.454E-03  WETZTROPRESO    
 173670300.0000  0.100000000000000      6.850837745371839E-02  2.608E-03  WETZTROPRESO    
 173670600.0000  0.100000000000000      6.778850776252468E-02  2.662E-03  WETZTROPRESO    
 173670900.0000  0.100000000000000      6.692171772069415E-02  2.599E-03  WETZTROPRESO    
 173671200.0000  0.100000000000000      6.784965450309538E-02  2.448E-03  WETZTROPRESO    
 173671500.0000  0.100000000000000      6.654626404218619E-02  2.288E-03  WETZTROPRESO    
 173671800.0000  0.100000000000000      6.676079750268302E-02  2.604E-03  WETZTROPRESO    
 173672100.0000  0.100000000000000      6.514829044088116E-02  2.521E-03  WETZTROPRESO    
 173672400.0000  0.100000000000000      6.327473340498677E-02  2.118E-03  WETZTROPRESO    
 173672700.0000  0.100000000000000      6.519706316071937E-02  2.092E-03  WETZTROPRESO    
 173673000.0000  0.100000000000000      6.609059984553062E-02  2.298E-03  WETZTROPRESO    
 173673300.0000  0.100000000000000      6.791475246297640E-02  2.347E-03  WETZTROPRESO    
 173673600.0000  0.100000000000000      6.729541442554848E-02  2.536E-03  WETZTROPRESO    
 173673900.0000  0.100000000000000      6.908508394008746E-02  2.823E-03  WETZTROPRESO    
 173674200.0000  0.100000000000000      6.857644026000068E-02  3.215E-03  WETZTROPRESO    
 173674500.0000  0.100000000000000      6.834890079523166E-02  3.412E-03  WETZTROPRESO    
 173674800.0000  0.100000000000000      6.879937498772370E-02  3.500E-03  WETZTROPRESO    
 173675100.0000  0.100000000000000      6.916429820935580E-02  3.437E-03  WETZTROPRESO    
 173675400.0000  0.100000000000000      6.949648334229633E-02  3.151E-03  WETZTROPRESO    
 173675700.0000  0.100000000000000      6.968769034025651E-02  2.593E-03  WETZTROPRESO    
 173676000.0000  0.100000000000000      6.886685637468044E-02  2.990E-03  WETZTROPRESO    
 173676300.0000  0.100000000000000      6.820125720651327E-02  2.757E-03  WETZTROPRESO    
 173676600.0000  0.100000000000000      6.735975613529677E-02  2.775E-03  WETZTROPRESO    
 173676900.0000  0.100000000000000      6.717348459242833E-02  2.805E-03  WETZTROPRESO    
 173677200.0000  0.100000000000000      6.620395437082867E-02  2.776E-03  WETZTROPRESO    
 173677500.0000  0.100000000000000      6.668480280931000E-02  2.631E-03  WETZTROPRESO    
 173677800.0000  0.100000000000000      6.493500735203719E-02  2.222E-03  WETZTROPRESO    
 173678100.0000  0.100000000000000      6.581861787313113E-02  2.287E-03  WETZTROPRESO    
 173678400.0000  0.100000000000000      6.532413582879273E-02  2.669E-03  WETZTROPRESO    
 173678700.0000  0.100000000000000      6.393536268489114E-02  2.848E-03  WETZTROPRESO    
 173679000.0000  0.100000000000000      6.419862291545650E-02  2.960E-03  WETZTROPRESO    
 173679300.0000  0.100000000000000      6.382283773331682E-02  3.032E-03  WETZTROPRESO    
 173679600.0000  0.100000000000000      6.377336698750896E-02  3.214E-03  WETZTROPRESO    
 173679900.0000  0.100000000000000      6.407419700429426E-02  3.234E-03  WETZTROPRESO    
 173680200.0000  0.100000000000000      6.297450947503323E-02  3.024E-03  WETZTROPRESO    
 173680500.0000  0.100000000000000      6.150701131665008E-02  2.909E-03  WETZTROPRESO    
 173680800.0000  0.100000000000000      6.203092921767686E-02  2.783E-03  WETZTROPRESO    
 173681100.0000  0.100000000000000      6.015942722877234E-02  2.292E-03  WETZTROPRESO    
 173681400.0000  0.100000000000000      6.161332936554263E-02  2.241E-03  WETZTROPRESO    
 173681700.0000  0.100000000000000      6.239804803825218E-02  2.422E-03  WETZTROPRESO    
 173682000.0000  0.100000000000000      6.431061202051679E-02  2.436E-03  WETZTROPRESO    
 173682300.0000  0.100000000000000      6.581089363420339E-02  2.644E-03  WETZTROPRESO    
 173682600.0000  0.100000000000000      6.549132240577364E-02  3.033E-03  WETZTROPRESO    
 173682900.0000  0.100000000000000      6.540776484672578E-02  3.096E-03  WETZTROPRESO    
 173683200.0000  0.100000000000000      6.493190678528041E-02  3.097E-03  WETZTROPRESO    
 173683500.0000  0.100000000000000      6.475324110311895E-02  2.884E-03  WETZTROPRESO    
 173683800.0000  0.100000000000000      6.435276961334081E-02  2.659E-03  WETZTROPRESO    
 173684100.0000  0.100000000000000      6.618223256336352E-02  2.440E-03  WETZTROPRESO    
 173684400.0000  0.100000000000000      6.697757511353511E-02  2.173E-03  WETZTROPRESO    
 173684700.0000  0.100000000000000      6.560251647159188E-02  2.064E-03  WETZTROPRESO    
 173685000.0000  0.100000000000000      6.562292414322753E-02  2.014E-03  WETZTROPRESO    
 173685300.0000  0.100000000000000      6.486496070035222E-02  2.065E-03  WETZTROPRESO    
 173685600.0000  0.100000000000000      6.168794469877991E-02  2.346E-03  WETZTROPRESO    
 173685900.0000  0.100000000000000      6.339421705379002E-02  2.517E-03  WETZTROPRESO    
 173686200.0000  0.100000000000000      6.418503699948666E-02  2.588E-03  WETZTROPRESO    
 173686500.0000  0.100000000000000      6.410073018230522E-02  2.561E-03  WETZTROPRESO    
 173686800.0000  0.100000000000000      6.464144031091937E-02  2.669E-03  WETZTROPRESO    
 173687100.0000  0.100000000000000      6.441974254049718E-02  2.679E-03  WETZTROPRESO    
 173687400.0000  0.100000000000000      6.476225444415851E-02  3.035E-03  WETZTROPRESO    
 173687700.0000  0.100000000000000      6.515411262805247E-02  3.256E-03  WETZTROPRESO    
 173688000.0000  0.100000000000000      6.525181511726759E-02  3.382E-03  WETZTROPRESO    
 173688300.0000  0.100000000000000      6.591310227111399E-02  3.378E-03  WETZTROPRESO    
 173688600.0000  0.100000000000000      6.668429171535398E-02  3.177E-03  WETZTROPRESO    
 173688900.0000  0.100000000000000      6.744404938146326E-02  2.622E-03  WETZTROPRESO    
 173689200.0000  0.100000000000000      6.664852117169642E-02  2.460E-03  WETZTROPRESO    
 173689500.0000  0.100000000000000      6.663275454775597E-02  2.036E-03  WETZTROPRESO    
 173689800.0000  0.100000000000000      6.698319180143147E-02  2.220E-03  WETZTROPRESO    
 173690100.0000  0.100000000000000      6.769748892076569E-02  2.389E-03  WETZTROPRESO    
 173690400.0000  0.100000000000000      6.815145037190568E-02  2.450E-03  WETZTROPRESO    
 173690700.0000  0.100000000000000      6.978546116540918E-02  2.391E-03  WETZTROPRESO    
 173691000.0000  0.100000000000000      7.074081597538220E-02  2.245E-03  WETZTROPRESO    
 173691300.0000  0.100000000000000      6.792490041259314E-02  2.384E-03  WETZTROPRESO    
 173691600.0000  0.100000000000000      6.915434345811705E-02  2.326E-03  WETZTROPRESO    
 173691900.0000  0.100000000000000      7.046189688139592E-02  2.559E-03  WETZTROPRESO    
 173692200.0000  0.100000000000000      7.065551006765115E-02  2.527E-03  WETZTROPRESO    
 173692500.0000  0.100000000000000      6.849851685970028E-02  2.448E-03  WETZTROPRESO    
 173692800.0000  0.100000000000000      7.006309828588222E-02  2.747E-03  WETZTROPRESO    
 173693100.0000  0.100000000000000      6.997498357956676E-02  2.660E-03  WETZTROPRESO    
 173693400.0000  0.100000000000000      7.157867018910120E-02  2.278E-03  WETZTROPRESO    
 173693700.0000  0.100000000000000      7.238385130392380E-02  2.269E-03  WETZTROPRESO    
 173694000.0000  0.100000000000000      7.231934817630595E-02  2.466E-03  WETZTROPRESO    
 173694300.0000  0.100000000000000      7.250011822270944E-02  2.503E-03  WETZTROPRESO    
 173694600.0000  0.100000000000000      7.318537581997919E-02  2.467E-03  WETZTROPRESO    
 173694900.0000  0.100000000000000      7.021165106428434E-02  2.409E-03  WETZTROPRESO    
 173695200.0000  0.100000000000000      6.823461464414532E-02  2.661E-03  WETZTROPRESO    
 173695500.0000  0.100000000000000      6.913732940216011E-02  3.022E-03  WETZTROPRESO    
 173695800.0000  0.100000000000000      6.960956744998480E-02  3.240E-03  WETZTROPRESO    
 173696100.0000  0.100000000000000      7.088396619365531E-02  3.248E-03  WETZTROPRESO    
 173696400.0000  0.100000000000000      7.049984572686688E-02  3.076E-03  WETZTROPRESO    
 173696700.0000  0.100000000000000      6.944902490105814E-02  3.000E-03  WETZTROPRESO    
 173697000.0000  0.100000000000000      6.881565887973194E-02  2.892E-03  WETZTROPRESO    
 173697300.0000  0.100000000000000      6.768550288454381E-02  2.748E-03  WETZTROPRESO    
 173697600.0000  0.100000000000000      6.725775647245738E-02  2.628E-03  WETZTROPRESO    
 173697900.0000  0.100000000000000      6.657606251354564E-02  2.141E-03  WETZTROPRESO    
 173698200.0000  0.100000000000000      6.687169571942514E-02  2.174E-03  WETZTROPRESO    
 173698500.0000  0.100000000000000      6.573066091726827E-02  2.385E-03  WETZTROPRESO    
 173698800.0000  0.100000000000000      6.510269575024717E-02  2.534E-03  WETZTROPRESO    
 173699100.0000  0.100000000000000      6.482438820365560E-02  2.654E-03  WETZTROPRESO    
 173699400.0000  0.100000000000000      6.414667437707300E-02  2.732E-03  WETZTROPRESO    
 173699700.0000  0.100000000000000      6.422732953613214E-02  2.736E-03  WETZTROPRESO    
 173700000.0000  0.100000000000000      6.349466546980312E-02  2.600E-03  WETZTROPRESO    
 173700300.0000  0.100000000000000      6.372602423877460E-02  2.535E-03  WETZTROPRESO    
 173700600.0000  0.100000000000000      6.356667289852350E-02  2.527E-03  WETZTROPRESO    
 173700900.0000  0.100000000000000      6.510080392719404E-02  2.516E-03  WETZTROPRESO    
 173701200.0000  0.100000000000000      6.631358936147058E-02  2.905E-03  WETZTROPRESO    
 173701500.0000  0.100000000000000      6.714423478995921E-02  3.011E-03  WETZTROPRESO    
 173701800.0000  0.100000000000000      6.765882032442422E-02  3.056E-03  WETZTROPRESO    
 173702100.0000  0.100000000000000      6.863594914583604E-02  2.985E-03  WETZTROPRESO    
 173702400.0000  0.100000000000000      6.836094450111346E-02  2.954E-03  WETZTROPRESO    
 173702700.0000  0.100000000000000      6.570775093100194E-02  2.697E-03  WETZTROPRESO    
 173703000.0000  0.100000000000000      6.804629937593437E-02  2.585E-03  WETZTROPRESO    
 173703300.0000  0.100000000000000      6.702220549963067E-02  2.683E-03  WETZTROPRESO    
 173703600.0000  0.100000000000000      7.033712717185771E-02  2.606E-03  WETZTROPRESO    
 173703900.0000  0.100000000000000      7.095109583611509E-02  2.665E-03  WETZTROPRESO    
 173704200.0000  0.100000000000000      7.208784950542133E-02  2.661E-03  WETZTROPRESO    
 173704500.0000  0.100000000000000      7.125882873581063E-02  3.119E-03  WETZTROPRESO    
 173704800.0000  0.100000000000000      7.070377042059808E-02  3.187E-03  WETZTROPRESO    
 173705100.0000  0.100000000000000      7.000214981832366E-02  3.008E-03  WETZTROPRESO    
 173705400.0000  0.100000000000000      6.913147762193997E-02  2.548E-03  WETZTROPRESO    
 173705700.0000  0.100000000000000      6.669353310068475E-02  2.812E-03  WETZTROPRESO    
 173706000.0000  0.100000000000000      6.819450604272531E-02  3.223E-03  WETZTROPRESO    
 173706300.0000  0.100000000000000      6.966258636084896E-02  3.446E-03  WETZTROPRESO    
 173706600.0000  0.100000000000000      6.980009182577285E-02  3.669E-03  WETZTROPRESO    
 173706900.0000  0.100000000000000      7.162610558536901E-02  4.398E-03  WETZTROPRESO    
