 173707200.0000  0.100000000000000      6.548451488650059E-02  4.735E-03  WETZTROPMDO1    
 173707500.0000  0.100000000000000      6.570309698148095E-02  4.504E-03  WETZTROPMDO1    
 173707800.0000  0.100000000000000      6.586804873965660E-02  4.315E-03  WETZTROPMDO1    
 173708100.0000  0.100000000000000      6.586756239919213E-02  4.213E-03  WETZTROPMDO1    
 173708400.0000  0.100000000000000      6.597567766572682E-02  4.121E-03  WETZTROPMDO1    
 173708700.0000  0.100000000000000      6.619484156621065E-02  4.001E-03  WETZTROPMDO1    
 173709000.0000  0.100000000000000      6.625525685245551E-02  3.833E-03  WETZTROPMDO1    
 173709300.0000  0.100000000000000      6.585257730455174E-02  3.617E-03  WETZTROPMDO1    
 173709600.0000  0.100000000000000      6.606868513519551E-02  3.363E-03  WETZTROPMDO1    
 173709900.0000  0.100000000000000      6.806453165537293E-02  3.094E-03  WETZTROPMDO1    
 173710200.0000  0.100000000000000      6.844559558793191E-02  2.867E-03  WETZTROPMDO1    
 173710500.0000  0.100000000000000      6.830215801943240E-02  2.886E-03  WETZTROPMDO1    
 173710800.0000  0.100000000000000      6.885697167389501E-02  2.765E-03  WETZTROPMDO1    
 173711100.0000  0.100000000000000      6.848422884485597E-02  3.330E-03  WETZTROPMDO1    
 173711400.0000  0.100000000000000      6.826115464179738E-02  3.337E-03  WETZTROPMDO1    
 173711700.0000  0.100000000000000      6.860658624194452E-02  3.439E-03  WETZTROPMDO1    
 173712000.0000  0.100000000000000      6.958548425631018E-02  3.527E-03  WETZTROPMDO1    
 173712300.0000  0.100000000000000      6.989985386986394E-02  3.545E-03  WETZTROPMDO1    
 173712600.0000  0.100000000000000      7.032027048327735E-02  3.412E-03  WETZTROPMDO1    
 173712900.0000  0.100000000000000      7.042902554555835E-02  3.486E-03  WETZTROPMDO1    
 173713200.0000  0.100000000000000      7.001615926730015E-02  3.623E-03  WETZTROPMDO1    
 173713500.0000  0.100000000000000      6.911423447044704E-02  3.777E-03  WETZTROPMDO1    
 173713800.0000  0.100000000000000      6.843964992871605E-02  3.936E-03  WETZTROPMDO1    
 173714100.0000  0.100000000000000      6.858262027196144E-02  4.083E-03  WETZTROPMDO1    
 173714400.0000  0.100000000000000      6.840060172865789E-02  4.206E-03  WETZTROPMDO1    
 173714700.0000  0.100000000000000      6.847539743145156E-02  4.294E-03  WETZTROPMDO1    
 173715000.0000  0.100000000000000      6.865197436148791E-02  4.338E-03  WETZTROPMDO1    
 173715300.0000  0.100000000000000      6.901766384333355E-02  4.332E-03  WETZTROPMDO1    
 173715600.0000  0.100000000000000      6.924384742491153E-02  4.271E-03  WETZTROPMDO1    
 173715900.0000  0.100000000000000      6.934307100676534E-02  4.160E-03  WETZTROPMDO1    
 173716200.0000  0.100000000000000      7.031945006305937E-02  4.007E-03  WETZTROPMDO1    
 173716500.0000  0.100000000000000      7.163708155095165E-02  3.823E-03  WETZTROPMDO1    
 173716800.0000  0.100000000000000      7.223998570791926E-02  3.625E-03  WETZTROPMDO1    
 173717100.0000  0.100000000000000      7.274577350158185E-02  3.431E-03  WETZTROPMDO1    
 173717400.0000  0.100000000000000      7.384935703415346E-02  3.267E-03  WETZTROPMDO1    
 173717700.0000  0.100000000000000      7.430322660422971E-02  3.213E-03  WETZTROPMDO1    
 173718000.0000  0.100000000000000      7.364506879407831E-02  3.695E-03  WETZTROPMDO1    
 173718300.0000  0.100000000000000      7.309378707832481E-02  3.804E-03  WETZTROPMDO1    
 173718600.0000  0.100000000000000      7.255676259225359E-02  3.613E-03  WETZTROPMDO1    
 173718900.0000  0.100000000000000      7.264582553638269E-02  3.591E-03  WETZTROPMDO1    
 173719200.0000  0.100000000000000      7.228802938771525E-02  3.596E-03  WETZTROPMDO1    
 173719500.0000  0.100000000000000      7.203096670393459E-02  3.583E-03  WETZTROPMDO1    
 173719800.0000  0.100000000000000      7.172539380429969E-02  3.559E-03  WETZTROPMDO1    
 173720100.0000  0.100000000000000      7.185763256028886E-02  3.477E-03  WETZTROPMDO1    
 173720400.0000  0.100000000000000      7.233750347956441E-02  3.349E-03  WETZTROPMDO1    
 173720700.0000  0.100000000000000      7.324191385728274E-02  3.157E-03  WETZTROPMDO1    
 173721000.0000  0.100000000000000      7.302764482176469E-02  2.925E-03  WETZTROPMDO1    
 173721300.0000  0.100000000000000      6.997577670864122E-02  2.779E-03  WETZTROPMDO1    
 173721600.0000  0.100000000000000      6.912093618894133E-02  2.496E-03  WETZTROPMDO1    
 173721900.0000  0.100000000000000      6.974663068908840E-02  2.483E-03  WETZTROPMDO1    
 173722200.0000  0.100000000000000      6.995333818788788E-02  3.019E-03  WETZTROPMDO1    
 173722500.0000  0.100000000000000      7.095451033427889E-02  3.360E-03  WETZTROPMDO1    
 173722800.0000  0.100000000000000      7.218017418942904E-02  3.625E-03  WETZTROPMDO1    
 173723100.0000  0.100000000000000      7.340377005473081E-02  3.840E-03  WETZTROPMDO1    
 173723400.0000  0.100000000000000      7.460779831497102E-02  4.001E-03  WETZTROPMDO1    
 173723700.0000  0.100000000000000      7.692515028020719E-02  4.224E-03  WETZTROPMDO1    
 173724000.0000  0.100000000000000      7.903604891381377E-02  4.386E-03  WETZTROPMDO1    
 173724300.0000  0.100000000000000      8.042534639572900E-02  4.445E-03  WETZTROPMDO1    
 173724600.0000  0.100000000000000      8.201441694694681E-02  4.387E-03  WETZTROPMDO1    
 173724900.0000  0.100000000000000      8.357815561594777E-02  4.240E-03  WETZTROPMDO1    
 173725200.0000  0.100000000000000      8.517610829283070E-02  4.096E-03  WETZTROPMDO1    
 173725500.0000  0.100000000000000      8.683902555282841E-02  3.841E-03  WETZTROPMDO1    
 173725800.0000  0.100000000000000      8.722249514531827E-02  3.395E-03  WETZTROPMDO1    
 173726100.0000  0.100000000000000      8.763385404639383E-02  3.345E-03  WETZTROPMDO1    
 173726400.0000  0.100000000000000      8.839145197357563E-02  3.350E-03  WETZTROPMDO1    
 173726700.0000  0.100000000000000      9.024024242348741E-02  3.364E-03  WETZTROPMDO1    
 173727000.0000  0.100000000000000      9.114848753388347E-02  3.374E-03  WETZTROPMDO1    
 173727300.0000  0.100000000000000      9.043863650843303E-02  3.312E-03  WETZTROPMDO1    
 173727600.0000  0.100000000000000      8.741394330247954E-02  3.196E-03  WETZTROPMDO1    
 173727900.0000  0.100000000000000      8.597840092445924E-02  3.062E-03  WETZTROPMDO1    
 173728200.0000  0.100000000000000      8.479338886649376E-02  3.011E-03  WETZTROPMDO1    
 173728500.0000  0.100000000000000      8.509294333962536E-02  3.533E-03  WETZTROPMDO1    
 173728800.0000  0.100000000000000      8.540131869833648E-02  3.674E-03  WETZTROPMDO1    
 173729100.0000  0.100000000000000      8.572712613567743E-02  3.495E-03  WETZTROPMDO1    
 173729400.0000  0.100000000000000      8.592614426622203E-02  2.933E-03  WETZTROPMDO1    
 173729700.0000  0.100000000000000      8.611251490122193E-02  2.961E-03  WETZTROPMDO1    
 173730000.0000  0.100000000000000      8.592887227622850E-02  2.995E-03  WETZTROPMDO1    
 173730300.0000  0.100000000000000      8.478416796033750E-02  2.805E-03  WETZTROPMDO1    
 173730600.0000  0.100000000000000      8.338468695225677E-02  3.149E-03  WETZTROPMDO1    
 173730900.0000  0.100000000000000      8.390661689770801E-02  3.109E-03  WETZTROPMDO1    
 173731200.0000  0.100000000000000      8.245003871766210E-02  3.232E-03  WETZTROPMDO1    
 173731500.0000  0.100000000000000      8.368989202534827E-02  3.529E-03  WETZTROPMDO1    
 173731800.0000  0.100000000000000      8.434298034024373E-02  3.759E-03  WETZTROPMDO1    
 173732100.0000  0.100000000000000      8.329871426479032E-02  3.935E-03  WETZTROPMDO1    
 173732400.0000  0.100000000000000      8.238091892704186E-02  4.052E-03  WETZTROPMDO1    
 173732700.0000  0.100000000000000      8.205275505357880E-02  4.105E-03  WETZTROPMDO1    
 173733000.0000  0.100000000000000      8.179055815961217E-02  4.061E-03  WETZTROPMDO1    
 173733300.0000  0.100000000000000      8.152063581083294E-02  3.884E-03  WETZTROPMDO1    
 173733600.0000  0.100000000000000      8.099047076274414E-02  3.524E-03  WETZTROPMDO1    
 173733900.0000  0.100000000000000      8.021420280893167E-02  2.855E-03  WETZTROPMDO1    
 173734200.0000  0.100000000000000      7.963688713443087E-02  2.850E-03  WETZTROPMDO1    
 173734500.0000  0.100000000000000      8.075282452063523E-02  2.935E-03  WETZTROPMDO1    
 173734800.0000  0.100000000000000      8.055285111110626E-02  3.023E-03  WETZTROPMDO1    
 173735100.0000  0.100000000000000      8.004126078884669E-02  3.091E-03  WETZTROPMDO1    
 173735400.0000  0.100000000000000      7.960078525653558E-02  3.125E-03  WETZTROPMDO1    
 173735700.0000  0.100000000000000      7.907443921508148E-02  3.119E-03  WETZTROPMDO1    
 173736000.0000  0.100000000000000      7.786658078183470E-02  3.076E-03  WETZTROPMDO1    
 173736300.0000  0.100000000000000      7.612843339588735E-02  3.008E-03  WETZTROPMDO1    
 173736600.0000  0.100000000000000      7.630560938540920E-02  2.943E-03  WETZTROPMDO1    
 173736900.0000  0.100000000000000      7.790588530131384E-02  2.968E-03  WETZTROPMDO1    
 173737200.0000  0.100000000000000      8.158656470892810E-02  2.916E-03  WETZTROPMDO1    
 173737500.0000  0.100000000000000      8.247372187808494E-02  2.853E-03  WETZTROPMDO1    
 173737800.0000  0.100000000000000      8.160537825323273E-02  2.881E-03  WETZTROPMDO1    
 173738100.0000  0.100000000000000      8.122092140230805E-02  3.547E-03  WETZTROPMDO1    
 173738400.0000  0.100000000000000      8.109502672412650E-02  3.852E-03  WETZTROPMDO1    
 173738700.0000  0.100000000000000      8.101501541262654E-02  3.944E-03  WETZTROPMDO1    
 173739000.0000  0.100000000000000      8.154877585229026E-02  3.885E-03  WETZTROPMDO1    
 173739300.0000  0.100000000000000      8.232698764802530E-02  3.691E-03  WETZTROPMDO1    
 173739600.0000  0.100000000000000      8.011310913798744E-02  3.761E-03  WETZTROPMDO1    
 173739900.0000  0.100000000000000      8.059253942362918E-02  3.505E-03  WETZTROPMDO1    
 173740200.0000  0.100000000000000      8.134765055921525E-02  3.106E-03  WETZTROPMDO1    
 173740500.0000  0.100000000000000      8.090277706092314E-02  3.036E-03  WETZTROPMDO1    
 173740800.0000  0.100000000000000      8.007780793262959E-02  3.027E-03  WETZTROPMDO1    
 173741100.0000  0.100000000000000      7.885576855290870E-02  3.010E-03  WETZTROPMDO1    
 173741400.0000  0.100000000000000      7.703961914817294E-02  3.000E-03  WETZTROPMDO1    
 173741700.0000  0.100000000000000      7.608516173617016E-02  2.925E-03  WETZTROPMDO1    
 173742000.0000  0.100000000000000      7.742281093491665E-02  2.813E-03  WETZTROPMDO1    
 173742300.0000  0.100000000000000      7.874005148881472E-02  2.670E-03  WETZTROPMDO1    
 173742600.0000  0.100000000000000      7.725855531397104E-02  2.491E-03  WETZTROPMDO1    
 173742900.0000  0.100000000000000      7.482041953245028E-02  2.264E-03  WETZTROPMDO1    
 173743200.0000  0.100000000000000      7.624967596917052E-02  2.238E-03  WETZTROPMDO1    
 173743500.0000  0.100000000000000      7.640872993139915E-02  2.417E-03  WETZTROPMDO1    
 173743800.0000  0.100000000000000      7.634203655520377E-02  2.534E-03  WETZTROPMDO1    
 173744100.0000  0.100000000000000      7.689170364201402E-02  2.602E-03  WETZTROPMDO1    
 173744400.0000  0.100000000000000      7.658795023271396E-02  2.644E-03  WETZTROPMDO1    
 173744700.0000  0.100000000000000      7.560891964216557E-02  2.727E-03  WETZTROPMDO1    
 173745000.0000  0.100000000000000      7.400157108298359E-02  3.188E-03  WETZTROPMDO1    
 173745300.0000  0.100000000000000      7.353912849398653E-02  3.475E-03  WETZTROPMDO1    
 173745600.0000  0.100000000000000      7.324048294975193E-02  3.680E-03  WETZTROPMDO1    
 173745900.0000  0.100000000000000      7.259102712747958E-02  3.817E-03  WETZTROPMDO1    
 173746200.0000  0.100000000000000      7.228369547553365E-02  3.871E-03  WETZTROPMDO1    
 173746500.0000  0.100000000000000      7.163179449237569E-02  3.807E-03  WETZTROPMDO1    
 173746800.0000  0.100000000000000      7.092318241784588E-02  3.561E-03  WETZTROPMDO1    
 173747100.0000  0.100000000000000      7.007570975806239E-02  3.010E-03  WETZTROPMDO1    
 173747400.0000  0.100000000000000      7.173699484205137E-02  3.017E-03  WETZTROPMDO1    
 173747700.0000  0.100000000000000      6.971947147553841E-02  3.085E-03  WETZTROPMDO1    
 173748000.0000  0.100000000000000      6.957459606899226E-02  3.041E-03  WETZTROPMDO1    
 173748300.0000  0.100000000000000      7.122427099778504E-02  3.191E-03  WETZTROPMDO1    
 173748600.0000  0.100000000000000      7.231808863075095E-02  2.954E-03  WETZTROPMDO1    
 173748900.0000  0.100000000000000      7.202166972413107E-02  3.061E-03  WETZTROPMDO1    
 173749200.0000  0.100000000000000      7.082767833549927E-02  3.272E-03  WETZTROPMDO1    
 173749500.0000  0.100000000000000      7.201510915025472E-02  3.413E-03  WETZTROPMDO1    
 173749800.0000  0.100000000000000      7.441105907433265E-02  3.458E-03  WETZTROPMDO1    
 173750100.0000  0.100000000000000      7.564171425758855E-02  3.346E-03  WETZTROPMDO1    
 173750400.0000  0.100000000000000      7.733602464503478E-02  2.967E-03  WETZTROPMDO1    
 173750700.0000  0.100000000000000      7.658241591300582E-02  2.991E-03  WETZTROPMDO1    
 173751000.0000  0.100000000000000      7.435691897351496E-02  3.064E-03  WETZTROPMDO1    
 173751300.0000  0.100000000000000      7.419492378092750E-02  3.139E-03  WETZTROPMDO1    
 173751600.0000  0.100000000000000      7.471474575341133E-02  3.249E-03  WETZTROPMDO1    
 173751900.0000  0.100000000000000      7.423309873082409E-02  3.247E-03  WETZTROPMDO1    
 173752200.0000  0.100000000000000      7.373007563164664E-02  3.197E-03  WETZTROPMDO1    
 173752500.0000  0.100000000000000      7.688063708213631E-02  3.343E-03  WETZTROPMDO1    
 173752800.0000  0.100000000000000      7.952281569618913E-02  3.271E-03  WETZTROPMDO1    
 173753100.0000  0.100000000000000      8.006297479796932E-02  3.100E-03  WETZTROPMDO1    
 173753400.0000  0.100000000000000      8.013634516972484E-02  2.953E-03  WETZTROPMDO1    
 173753700.0000  0.100000000000000      8.052495067066807E-02  3.368E-03  WETZTROPMDO1    
 173754000.0000  0.100000000000000      8.081313434161841E-02  3.480E-03  WETZTROPMDO1    
 173754300.0000  0.100000000000000      8.005530395298499E-02  3.398E-03  WETZTROPMDO1    
 173754600.0000  0.100000000000000      7.899534176372194E-02  3.157E-03  WETZTROPMDO1    
 173754900.0000  0.100000000000000      7.682224574973889E-02  2.704E-03  WETZTROPMDO1    
 173755200.0000  0.100000000000000      7.863168083944383E-02  2.632E-03  WETZTROPMDO1    
 173755500.0000  0.100000000000000      8.000497370736265E-02  2.517E-03  WETZTROPMDO1    
 173755800.0000  0.100000000000000      7.867711637219962E-02  2.558E-03  WETZTROPMDO1    
 173756100.0000  0.100000000000000      7.557239837562924E-02  2.807E-03  WETZTROPMDO1    
 173756400.0000  0.100000000000000      7.323030262490411E-02  2.978E-03  WETZTROPMDO1    
 173756700.0000  0.100000000000000      7.283283212907851E-02  3.139E-03  WETZTROPMDO1    
 173757000.0000  0.100000000000000      7.311611066621723E-02  3.301E-03  WETZTROPMDO1    
 173757300.0000  0.100000000000000      7.352385444387141E-02  3.465E-03  WETZTROPMDO1    
 173757600.0000  0.100000000000000      7.376564961395821E-02  3.628E-03  WETZTROPMDO1    
 173757900.0000  0.100000000000000      7.344144617508380E-02  3.784E-03  WETZTROPMDO1    
 173758200.0000  0.100000000000000      7.270170987111431E-02  3.926E-03  WETZTROPMDO1    
 173758500.0000  0.100000000000000      7.133772938271569E-02  4.048E-03  WETZTROPMDO1    
 173758800.0000  0.100000000000000      6.974330438733742E-02  4.144E-03  WETZTROPMDO1    
 173759100.0000  0.100000000000000      6.876098644916956E-02  4.214E-03  WETZTROPMDO1    
 173759400.0000  0.100000000000000      6.818527253620199E-02  4.268E-03  WETZTROPMDO1    
 173759700.0000  0.100000000000000      6.768162813643107E-02  4.333E-03  WETZTROPMDO1    
 173760000.0000  0.100000000000000      6.735694013546056E-02  4.470E-03  WETZTROPMDO1    
 173760300.0000  0.100000000000000      6.703694202601937E-02  4.489E-03  WETZTROPMDO1    
 173760600.0000  0.100000000000000      6.676235294354677E-02  4.395E-03  WETZTROPMDO1    
 173760900.0000  0.100000000000000      6.667432578845406E-02  4.184E-03  WETZTROPMDO1    
 173761200.0000  0.100000000000000      6.675472758893100E-02  3.838E-03  WETZTROPMDO1    
 173761500.0000  0.100000000000000      6.683633201924913E-02  3.297E-03  WETZTROPMDO1    
 173761800.0000  0.100000000000000      6.501643712337940E-02  3.395E-03  WETZTROPMDO1    
 173762100.0000  0.100000000000000      6.310387438418921E-02  3.216E-03  WETZTROPMDO1    
 173762400.0000  0.100000000000000      6.099953785702788E-02  3.144E-03  WETZTROPMDO1    
 173762700.0000  0.100000000000000      5.986176219543494E-02  3.110E-03  WETZTROPMDO1    
 173763000.0000  0.100000000000000      5.705448853371286E-02  3.213E-03  WETZTROPMDO1    
 173763300.0000  0.100000000000000      5.528538244464878E-02  3.279E-03  WETZTROPMDO1    
 173763600.0000  0.100000000000000      5.479961374315646E-02  3.687E-03  WETZTROPMDO1    
 173763900.0000  0.100000000000000      5.389951752122388E-02  3.938E-03  WETZTROPMDO1    
 173764200.0000  0.100000000000000      5.290838089951778E-02  4.042E-03  WETZTROPMDO1    
 173764500.0000  0.100000000000000      5.245914841320463E-02  3.981E-03  WETZTROPMDO1    
 173764800.0000  0.100000000000000      5.185077720273017E-02  3.709E-03  WETZTROPMDO1    
 173765100.0000  0.100000000000000      5.176791268025580E-02  3.134E-03  WETZTROPMDO1    
 173765400.0000  0.100000000000000      5.429167043479235E-02  3.255E-03  WETZTROPMDO1    
 173765700.0000  0.100000000000000      5.709980935281189E-02  3.457E-03  WETZTROPMDO1    
 173766000.0000  0.100000000000000      5.664022468221173E-02  3.662E-03  WETZTROPMDO1    
 173766300.0000  0.100000000000000      5.795624081011019E-02  3.839E-03  WETZTROPMDO1    
 173766600.0000  0.100000000000000      5.942560435702740E-02  3.959E-03  WETZTROPMDO1    
 173766900.0000  0.100000000000000      6.021388235189230E-02  3.961E-03  WETZTROPMDO1    
 173767200.0000  0.100000000000000      5.953382907052369E-02  3.752E-03  WETZTROPMDO1    
 173767500.0000  0.100000000000000      5.954696309767853E-02  3.759E-03  WETZTROPMDO1    
 173767800.0000  0.100000000000000      5.932826845350814E-02  3.796E-03  WETZTROPMDO1    
 173768100.0000  0.100000000000000      5.818611710237561E-02  3.851E-03  WETZTROPMDO1    
 173768400.0000  0.100000000000000      5.747240658053985E-02  3.885E-03  WETZTROPMDO1    
 173768700.0000  0.100000000000000      5.751932417447048E-02  3.908E-03  WETZTROPMDO1    
 173769000.0000  0.100000000000000      5.761126617042334E-02  3.859E-03  WETZTROPMDO1    
 173769300.0000  0.100000000000000      5.827429658237718E-02  3.670E-03  WETZTROPMDO1    
 173769600.0000  0.100000000000000      5.878784113807169E-02  3.260E-03  WETZTROPMDO1    
 173769900.0000  0.100000000000000      5.904982136898878E-02  3.231E-03  WETZTROPMDO1    
 173770200.0000  0.100000000000000      5.778619301032833E-02  3.252E-03  WETZTROPMDO1    
 173770500.0000  0.100000000000000      5.967500538892975E-02  3.268E-03  WETZTROPMDO1    
 173770800.0000  0.100000000000000      5.955120714819474E-02  3.236E-03  WETZTROPMDO1    
 173771100.0000  0.100000000000000      6.030604070824244E-02  3.245E-03  WETZTROPMDO1    
 173771400.0000  0.100000000000000      6.281846887935347E-02  3.731E-03  WETZTROPMDO1    
 173771700.0000  0.100000000000000      6.543940711804996E-02  4.000E-03  WETZTROPMDO1    
 173772000.0000  0.100000000000000      6.756016387998136E-02  4.128E-03  WETZTROPMDO1    
 173772300.0000  0.100000000000000      6.919492504192493E-02  4.144E-03  WETZTROPMDO1    
 173772600.0000  0.100000000000000      7.057644434307930E-02  4.055E-03  WETZTROPMDO1    
 173772900.0000  0.100000000000000      7.188384863140666E-02  3.857E-03  WETZTROPMDO1    
 173773200.0000  0.100000000000000      7.337064729020318E-02  3.527E-03  WETZTROPMDO1    
 173773500.0000  0.100000000000000      7.531412150285932E-02  2.979E-03  WETZTROPMDO1    
 173773800.0000  0.100000000000000      7.386679365264548E-02  2.683E-03  WETZTROPMDO1    
 173774100.0000  0.100000000000000      7.182891435230847E-02  2.766E-03  WETZTROPMDO1    
 173774400.0000  0.100000000000000      6.903632766026961E-02  2.872E-03  WETZTROPMDO1    
 173774700.0000  0.100000000000000      6.761568979146017E-02  2.935E-03  WETZTROPMDO1    
 173775000.0000  0.100000000000000      6.851223676491401E-02  2.947E-03  WETZTROPMDO1    
 173775300.0000  0.100000000000000      7.229107163057506E-02  2.955E-03  WETZTROPMDO1    
 173775600.0000  0.100000000000000      7.229869763168539E-02  2.945E-03  WETZTROPMDO1    
 173775900.0000  0.100000000000000      7.278117819577928E-02  3.416E-03  WETZTROPMDO1    
 173776200.0000  0.100000000000000      7.285539311135499E-02  3.684E-03  WETZTROPMDO1    
 173776500.0000  0.100000000000000      7.252827913166981E-02  3.845E-03  WETZTROPMDO1    
 173776800.0000  0.100000000000000      7.233939738892189E-02  3.939E-03  WETZTROPMDO1    
 173777100.0000  0.100000000000000      7.136904601752812E-02  4.006E-03  WETZTROPMDO1    
 173777400.0000  0.100000000000000      7.158036713523885E-02  4.141E-03  WETZTROPMDO1    
 173777700.0000  0.100000000000000      7.195291623430171E-02  4.137E-03  WETZTROPMDO1    
 173778000.0000  0.100000000000000      7.245486380750346E-02  3.996E-03  WETZTROPMDO1    
 173778300.0000  0.100000000000000      7.345455830211796E-02  3.687E-03  WETZTROPMDO1    
 173778600.0000  0.100000000000000      7.429646915693430E-02  3.517E-03  WETZTROPMDO1    
 173778900.0000  0.100000000000000      7.505848009393914E-02  3.384E-03  WETZTROPMDO1    
 173779200.0000  0.100000000000000      7.549136769391723E-02  3.227E-03  WETZTROPMDO1    
 173779500.0000  0.100000000000000      7.646395460716479E-02  2.970E-03  WETZTROPMDO1    
 173779800.0000  0.100000000000000      7.706675315680442E-02  2.975E-03  WETZTROPMDO1    
 173780100.0000  0.100000000000000      7.668239971806876E-02  2.795E-03  WETZTROPMDO1    
 173780400.0000  0.100000000000000      7.822232684889546E-02  2.771E-03  WETZTROPMDO1    
 173780700.0000  0.100000000000000      8.078197564269816E-02  2.739E-03  WETZTROPMDO1    
 173781000.0000  0.100000000000000      8.416350107434384E-02  2.670E-03  WETZTROPMDO1    
 173781300.0000  0.100000000000000      8.532894299389138E-02  2.594E-03  WETZTROPMDO1    
 173781600.0000  0.100000000000000      8.732137943023804E-02  2.697E-03  WETZTROPMDO1    
 173781900.0000  0.100000000000000      8.975114486724398E-02  2.741E-03  WETZTROPMDO1    
 173782200.0000  0.100000000000000      9.160125723958362E-02  3.314E-03  WETZTROPMDO1    
 173782500.0000  0.100000000000000      9.222809453829686E-02  3.539E-03  WETZTROPMDO1    
 173782800.0000  0.100000000000000      9.432429483985845E-02  3.592E-03  WETZTROPMDO1    
 173783100.0000  0.100000000000000      9.491981112508655E-02  3.691E-03  WETZTROPMDO1    
 173783400.0000  0.100000000000000      9.411111253144980E-02  3.693E-03  WETZTROPMDO1    
 173783700.0000  0.100000000000000      9.357376949620322E-02  3.636E-03  WETZTROPMDO1    
 173784000.0000  0.100000000000000      9.489070951629434E-02  3.711E-03  WETZTROPMDO1    
 173784300.0000  0.100000000000000      9.539760933415617E-02  3.911E-03  WETZTROPMDO1    
 173784600.0000  0.100000000000000      9.579555143242581E-02  4.419E-03  WETZTROPMDO1    
 173784900.0000  0.100000000000000      9.642500107880181E-02  4.750E-03  WETZTROPMDO1    
 173785200.0000  0.100000000000000      9.688578560696383E-02  4.940E-03  WETZTROPMDO1    
 173785500.0000  0.100000000000000      9.756430789557202E-02  5.062E-03  WETZTROPMDO1    
 173785800.0000  0.100000000000000      9.719468448150799E-02  5.016E-03  WETZTROPMDO1    
 173786100.0000  0.100000000000000      9.706382871220894E-02  4.979E-03  WETZTROPMDO1    
 173786400.0000  0.100000000000000      9.713042248344496E-02  4.928E-03  WETZTROPMDO1    
 173786700.0000  0.100000000000000      9.718339609201349E-02  4.851E-03  WETZTROPMDO1    
 173787000.0000  0.100000000000000      9.710941636621161E-02  4.744E-03  WETZTROPMDO1    
 173787300.0000  0.100000000000000      9.700655875464002E-02  4.604E-03  WETZTROPMDO1    
 173787600.0000  0.100000000000000      9.692495665620585E-02  4.434E-03  WETZTROPMDO1    
 173787900.0000  0.100000000000000      9.620450464583623E-02  4.231E-03  WETZTROPMDO1    
 173788200.0000  0.100000000000000      9.536488865433525E-02  3.992E-03  WETZTROPMDO1    
 173788500.0000  0.100000000000000      9.414827913109079E-02  3.696E-03  WETZTROPMDO1    
 173788800.0000  0.100000000000000      9.221233529466970E-02  3.288E-03  WETZTROPMDO1    
 173789100.0000  0.100000000000000      8.870865599393934E-02  3.168E-03  WETZTROPMDO1    
 173789400.0000  0.100000000000000      8.652763396918134E-02  3.116E-03  WETZTROPMDO1    
 173789700.0000  0.100000000000000      8.540884269866800E-02  3.058E-03  WETZTROPMDO1    
 173790000.0000  0.100000000000000      8.309983873067127E-02  2.955E-03  WETZTROPMDO1    
 173790300.0000  0.100000000000000      8.141621828164322E-02  2.748E-03  WETZTROPMDO1    
 173790600.0000  0.100000000000000      7.977002278219393E-02  2.879E-03  WETZTROPMDO1    
 173790900.0000  0.100000000000000      8.208472026374812E-02  2.956E-03  WETZTROPMDO1    
 173791200.0000  0.100000000000000      8.065975739557212E-02  3.227E-03  WETZTROPMDO1    
 173791500.0000  0.100000000000000      7.986287918298317E-02  3.242E-03  WETZTROPMDO1    
 173791800.0000  0.100000000000000      8.205971375258504E-02  3.271E-03  WETZTROPMDO1    
 173792100.0000  0.100000000000000      8.358401301774629E-02  3.504E-03  WETZTROPMDO1    
 173792400.0000  0.100000000000000      8.264109975603970E-02  4.161E-03  WETZTROPMDO1    
 173792700.0000  0.100000000000000      8.365364981744172E-02  4.691E-03  WETZTROPMDO1    
 173793000.0000  0.100000000000000      8.558431182032991E-02  5.185E-03  WETZTROPMDO1    
 173793300.0000  0.100000000000000      8.642409210860805E-02  5.725E-03  WETZTROPMDO1    
