 173793600.0000  0.100000000000000      8.401295027534814E-02  4.773E-03  WETZTROPMDO1    
 173793900.0000  0.100000000000000      8.444504081945267E-02  4.554E-03  WETZTROPMDO1    
 173794200.0000  0.100000000000000      8.532936274128056E-02  4.347E-03  WETZTROPMDO1    
 173794500.0000  0.100000000000000      8.613980799619221E-02  4.205E-03  WETZTROPMDO1    
 173794800.0000  0.100000000000000      8.710663226959224E-02  4.063E-03  WETZTROPMDO1    
 173795100.0000  0.100000000000000      8.816857611058418E-02  3.890E-03  WETZTROPMDO1    
 173795400.0000  0.100000000000000      8.806720382381475E-02  3.672E-03  WETZTROPMDO1    
 173795700.0000  0.100000000000000      8.858402134052545E-02  3.417E-03  WETZTROPMDO1    
 173796000.0000  0.100000000000000      8.944776027000591E-02  3.141E-03  WETZTROPMDO1    
 173796300.0000  0.100000000000000      8.985945765542194E-02  2.896E-03  WETZTROPMDO1    
 173796600.0000  0.100000000000000      8.975377028514939E-02  2.859E-03  WETZTROPMDO1    
 173796900.0000  0.100000000000000      8.900379650532185E-02  2.613E-03  WETZTROPMDO1    
 173797200.0000  0.100000000000000      9.015431340877708E-02  2.724E-03  WETZTROPMDO1    
 173797500.0000  0.100000000000000      9.047447236968220E-02  2.478E-03  WETZTROPMDO1    
 173797800.0000  0.100000000000000      9.176807941659793E-02  2.850E-03  WETZTROPMDO1    
 173798100.0000  0.100000000000000      9.141690201827227E-02  2.835E-03  WETZTROPMDO1    
 173798400.0000  0.100000000000000      9.069184544489814E-02  3.185E-03  WETZTROPMDO1    
 173798700.0000  0.100000000000000      9.075961774340596E-02  3.186E-03  WETZTROPMDO1    
 173799000.0000  0.100000000000000      9.091331675104804E-02  3.315E-03  WETZTROPMDO1    
 173799300.0000  0.100000000000000      8.911764786288066E-02  3.475E-03  WETZTROPMDO1    
 173799600.0000  0.100000000000000      8.711591597269559E-02  3.636E-03  WETZTROPMDO1    
 173799900.0000  0.100000000000000      8.437332162883371E-02  3.782E-03  WETZTROPMDO1    
 173800200.0000  0.100000000000000      8.334835601362864E-02  3.892E-03  WETZTROPMDO1    
 173800500.0000  0.100000000000000      8.280026333804028E-02  3.939E-03  WETZTROPMDO1    
 173800800.0000  0.100000000000000      8.285996906928780E-02  3.885E-03  WETZTROPMDO1    
 173801100.0000  0.100000000000000      8.321708652414479E-02  3.673E-03  WETZTROPMDO1    
 173801400.0000  0.100000000000000      8.401273917991675E-02  3.188E-03  WETZTROPMDO1    
 173801700.0000  0.100000000000000      8.243372991447641E-02  3.264E-03  WETZTROPMDO1    
 173802000.0000  0.100000000000000      8.070614372060633E-02  3.558E-03  WETZTROPMDO1    
 173802300.0000  0.100000000000000      7.945269689086831E-02  3.509E-03  WETZTROPMDO1    
 173802600.0000  0.100000000000000      7.904180397549831E-02  3.512E-03  WETZTROPMDO1    
 173802900.0000  0.100000000000000      7.728744189344307E-02  3.512E-03  WETZTROPMDO1    
 173803200.0000  0.100000000000000      7.535357012170432E-02  3.553E-03  WETZTROPMDO1    
 173803500.0000  0.100000000000000      7.594730194698612E-02  3.839E-03  WETZTROPMDO1    
 173803800.0000  0.100000000000000      7.666926488216003E-02  3.801E-03  WETZTROPMDO1    
 173804100.0000  0.100000000000000      7.580796113796548E-02  4.035E-03  WETZTROPMDO1    
 173804400.0000  0.100000000000000      7.318118202851602E-02  4.009E-03  WETZTROPMDO1    
 173804700.0000  0.100000000000000      7.266826292808008E-02  3.681E-03  WETZTROPMDO1    
 173805000.0000  0.100000000000000      7.265149553214162E-02  3.598E-03  WETZTROPMDO1    
 173805300.0000  0.100000000000000      7.304462270182857E-02  3.565E-03  WETZTROPMDO1    
 173805600.0000  0.100000000000000      7.243407671649764E-02  3.508E-03  WETZTROPMDO1    
 173805900.0000  0.100000000000000      7.197377561860641E-02  3.402E-03  WETZTROPMDO1    
 173806200.0000  0.100000000000000      7.247947341076430E-02  3.248E-03  WETZTROPMDO1    
 173806500.0000  0.100000000000000      7.359430030173059E-02  3.060E-03  WETZTROPMDO1    
 173806800.0000  0.100000000000000      7.605670549908455E-02  2.860E-03  WETZTROPMDO1    
 173807100.0000  0.100000000000000      7.618883954067104E-02  2.694E-03  WETZTROPMDO1    
 173807400.0000  0.100000000000000      7.288710975233254E-02  2.712E-03  WETZTROPMDO1    
 173807700.0000  0.100000000000000      6.995750051506658E-02  2.600E-03  WETZTROPMDO1    
 173808000.0000  0.100000000000000      6.968737165624060E-02  2.431E-03  WETZTROPMDO1    
 173808300.0000  0.100000000000000      6.633440856498327E-02  2.958E-03  WETZTROPMDO1    
 173808600.0000  0.100000000000000      6.465116631883072E-02  3.290E-03  WETZTROPMDO1    
 173808900.0000  0.100000000000000      6.302669034915523E-02  3.545E-03  WETZTROPMDO1    
 173809200.0000  0.100000000000000      6.276023898459474E-02  3.748E-03  WETZTROPMDO1    
 173809500.0000  0.100000000000000      6.281222398824017E-02  3.920E-03  WETZTROPMDO1    
 173809800.0000  0.100000000000000      6.393477322038735E-02  4.052E-03  WETZTROPMDO1    
 173810100.0000  0.100000000000000      6.679438443251287E-02  4.134E-03  WETZTROPMDO1    
 173810400.0000  0.100000000000000      7.036800765062143E-02  4.153E-03  WETZTROPMDO1    
 173810700.0000  0.100000000000000      7.457664068189354E-02  4.089E-03  WETZTROPMDO1    
 173811000.0000  0.100000000000000      7.839980503349940E-02  3.917E-03  WETZTROPMDO1    
 173811300.0000  0.100000000000000      8.176174383025936E-02  3.584E-03  WETZTROPMDO1    
 173811600.0000  0.100000000000000      8.394153460207952E-02  2.961E-03  WETZTROPMDO1    
 173811900.0000  0.100000000000000      8.569132637919022E-02  2.942E-03  WETZTROPMDO1    
 173812200.0000  0.100000000000000      8.737222014512543E-02  3.056E-03  WETZTROPMDO1    
 173812500.0000  0.100000000000000      9.034392283310554E-02  3.254E-03  WETZTROPMDO1    
 173812800.0000  0.100000000000000      9.284591169852943E-02  3.182E-03  WETZTROPMDO1    
 173813100.0000  0.100000000000000      9.580131257293617E-02  3.162E-03  WETZTROPMDO1    
 173813400.0000  0.100000000000000      9.836540603451437E-02  3.020E-03  WETZTROPMDO1    
 173813700.0000  0.100000000000000      9.904996449740137E-02  2.917E-03  WETZTROPMDO1    
 173814000.0000  0.100000000000000      9.991992019375194E-02  2.942E-03  WETZTROPMDO1    
 173814300.0000  0.100000000000000      0.100050891869524      2.872E-03  WETZTROPMDO1    
 173814600.0000  0.100000000000000      9.905403649293622E-02  2.850E-03  WETZTROPMDO1    
 173814900.0000  0.100000000000000      9.936071764156292E-02  3.476E-03  WETZTROPMDO1    
 173815200.0000  0.100000000000000      9.970426831723884E-02  3.673E-03  WETZTROPMDO1    
 173815500.0000  0.100000000000000      9.979056339260002E-02  3.539E-03  WETZTROPMDO1    
 173815800.0000  0.100000000000000      9.936551747692712E-02  3.034E-03  WETZTROPMDO1    
 173816100.0000  0.100000000000000      0.100516683758939      2.948E-03  WETZTROPMDO1    
 173816400.0000  0.100000000000000      9.842730273889388E-02  2.696E-03  WETZTROPMDO1    
 173816700.0000  0.100000000000000      9.944336530262028E-02  2.858E-03  WETZTROPMDO1    
 173817000.0000  0.100000000000000      9.730215908679662E-02  3.169E-03  WETZTROPMDO1    
 173817300.0000  0.100000000000000      9.597585873080888E-02  3.145E-03  WETZTROPMDO1    
 173817600.0000  0.100000000000000      9.689243386566580E-02  3.242E-03  WETZTROPMDO1    
 173817900.0000  0.100000000000000      9.865065301355452E-02  3.586E-03  WETZTROPMDO1    
 173818200.0000  0.100000000000000      9.848100296282718E-02  3.816E-03  WETZTROPMDO1    
 173818500.0000  0.100000000000000      9.838207198369538E-02  3.965E-03  WETZTROPMDO1    
 173818800.0000  0.100000000000000      9.832037286481006E-02  4.040E-03  WETZTROPMDO1    
 173819100.0000  0.100000000000000      9.806498647394576E-02  4.010E-03  WETZTROPMDO1    
 173819400.0000  0.100000000000000      9.768809348501094E-02  3.840E-03  WETZTROPMDO1    
 173819700.0000  0.100000000000000      9.691413201009685E-02  3.478E-03  WETZTROPMDO1    
 173820000.0000  0.100000000000000      9.582493611739086E-02  2.793E-03  WETZTROPMDO1    
 173820300.0000  0.100000000000000      9.599307860024900E-02  2.794E-03  WETZTROPMDO1    
 173820600.0000  0.100000000000000      9.609765730361142E-02  2.882E-03  WETZTROPMDO1    
 173820900.0000  0.100000000000000      9.730385381399047E-02  2.974E-03  WETZTROPMDO1    
 173821200.0000  0.100000000000000      9.761478879282398E-02  3.047E-03  WETZTROPMDO1    
 173821500.0000  0.100000000000000      9.790727278777279E-02  3.088E-03  WETZTROPMDO1    
 173821800.0000  0.100000000000000      9.831789731805879E-02  3.090E-03  WETZTROPMDO1    
 173822100.0000  0.100000000000000      9.834912387333011E-02  3.051E-03  WETZTROPMDO1    
 173822400.0000  0.100000000000000      9.693829564824197E-02  2.979E-03  WETZTROPMDO1    
 173822700.0000  0.100000000000000      9.612266064872141E-02  2.889E-03  WETZTROPMDO1    
 173823000.0000  0.100000000000000      9.624274744404189E-02  2.814E-03  WETZTROPMDO1    
 173823300.0000  0.100000000000000      9.861743788131104E-02  2.862E-03  WETZTROPMDO1    
 173823600.0000  0.100000000000000      9.847117064244169E-02  2.820E-03  WETZTROPMDO1    
 173823900.0000  0.100000000000000      9.754528899746219E-02  2.762E-03  WETZTROPMDO1    
 173824200.0000  0.100000000000000      9.779164344407480E-02  2.773E-03  WETZTROPMDO1    
 173824500.0000  0.100000000000000      9.842023160156782E-02  3.444E-03  WETZTROPMDO1    
 173824800.0000  0.100000000000000      9.926229533026248E-02  3.691E-03  WETZTROPMDO1    
 173825100.0000  0.100000000000000      0.100760818546250      3.663E-03  WETZTROPMDO1    
 173825400.0000  0.100000000000000      0.103093759057488      3.393E-03  WETZTROPMDO1    
 173825700.0000  0.100000000000000      0.101876722978167      3.673E-03  WETZTROPMDO1    
 173826000.0000  0.100000000000000      0.100669293707523      3.540E-03  WETZTROPMDO1    
 173826300.0000  0.100000000000000      0.102350476211123      3.107E-03  WETZTROPMDO1    
 173826600.0000  0.100000000000000      0.103260075870009      3.038E-03  WETZTROPMDO1    
 173826900.0000  0.100000000000000      0.103580914931489      3.034E-03  WETZTROPMDO1    
 173827200.0000  0.100000000000000      0.104120255857538      3.011E-03  WETZTROPMDO1    
 173827500.0000  0.100000000000000      0.103982406985335      2.955E-03  WETZTROPMDO1    
 173827800.0000  0.100000000000000      0.104111440097949      2.908E-03  WETZTROPMDO1    
 173828100.0000  0.100000000000000      0.107705130616328      2.806E-03  WETZTROPMDO1    
 173828400.0000  0.100000000000000      0.109032631865846      2.666E-03  WETZTROPMDO1    
 173828700.0000  0.100000000000000      0.107895362246648      2.487E-03  WETZTROPMDO1    
 173829000.0000  0.100000000000000      0.103826658377438      2.259E-03  WETZTROPMDO1    
 173829300.0000  0.100000000000000      0.103990883249300      2.212E-03  WETZTROPMDO1    
 173829600.0000  0.100000000000000      0.102368992994812      2.389E-03  WETZTROPMDO1    
 173829900.0000  0.100000000000000      0.102758999684033      2.508E-03  WETZTROPMDO1    
 173830200.0000  0.100000000000000      0.103544690768705      2.581E-03  WETZTROPMDO1    
 173830500.0000  0.100000000000000      0.103611558049018      2.628E-03  WETZTROPMDO1    
 173830800.0000  0.100000000000000      0.102783888487734      2.714E-03  WETZTROPMDO1    
 173831100.0000  0.100000000000000      0.100859655720986      3.159E-03  WETZTROPMDO1    
 173831400.0000  0.100000000000000      0.100039203032611      3.438E-03  WETZTROPMDO1    
 173831700.0000  0.100000000000000      0.101200408595718      3.421E-03  WETZTROPMDO1    
 173832000.0000  0.100000000000000      0.100489764194345      3.657E-03  WETZTROPMDO1    
 173832300.0000  0.100000000000000      0.100332981721594      3.757E-03  WETZTROPMDO1    
 173832600.0000  0.100000000000000      0.100445653187500      3.700E-03  WETZTROPMDO1    
 173832900.0000  0.100000000000000      0.101272429275699      3.417E-03  WETZTROPMDO1    
 173833200.0000  0.100000000000000      0.102484433546559      2.739E-03  WETZTROPMDO1    
 173833500.0000  0.100000000000000      0.104803258825115      2.771E-03  WETZTROPMDO1    
 173833800.0000  0.100000000000000      0.105597501190513      2.861E-03  WETZTROPMDO1    
 173834100.0000  0.100000000000000      0.106323961285032      2.733E-03  WETZTROPMDO1    
 173834400.0000  0.100000000000000      0.110640449178074      2.611E-03  WETZTROPMDO1    
 173834700.0000  0.100000000000000      0.111528728299814      2.660E-03  WETZTROPMDO1    
 173835000.0000  0.100000000000000      0.114222579211615      2.809E-03  WETZTROPMDO1    
 173835300.0000  0.100000000000000      0.114631979605613      3.038E-03  WETZTROPMDO1    
 173835600.0000  0.100000000000000      0.115885833381194      3.215E-03  WETZTROPMDO1    
 173835900.0000  0.100000000000000      0.118591075240967      3.320E-03  WETZTROPMDO1    
 173836200.0000  0.100000000000000      0.120465624742603      3.289E-03  WETZTROPMDO1    
 173836500.0000  0.100000000000000      0.121944693896813      3.009E-03  WETZTROPMDO1    
 173836800.0000  0.100000000000000      0.118608628070565      3.096E-03  WETZTROPMDO1    
 173837100.0000  0.100000000000000      0.114952342775521      3.201E-03  WETZTROPMDO1    
 173837400.0000  0.100000000000000      0.114342373615759      3.252E-03  WETZTROPMDO1    
 173837700.0000  0.100000000000000      0.114346203176661      3.213E-03  WETZTROPMDO1    
 173838000.0000  0.100000000000000      0.114856626134743      3.089E-03  WETZTROPMDO1    
 173838300.0000  0.100000000000000      0.113854224336737      2.909E-03  WETZTROPMDO1    
 173838600.0000  0.100000000000000      0.112840019702186      2.738E-03  WETZTROPMDO1    
 173838900.0000  0.100000000000000      0.113523991320341      2.827E-03  WETZTROPMDO1    
 173839200.0000  0.100000000000000      0.113668700830659      2.726E-03  WETZTROPMDO1    
 173839500.0000  0.100000000000000      0.111949281714360      2.556E-03  WETZTROPMDO1    
 173839800.0000  0.100000000000000      0.107999376789068      2.372E-03  WETZTROPMDO1    
 173840100.0000  0.100000000000000      0.109888991762573      2.693E-03  WETZTROPMDO1    
 173840400.0000  0.100000000000000      0.110911037272468      2.385E-03  WETZTROPMDO1    
 173840700.0000  0.100000000000000      0.105049481210792      2.461E-03  WETZTROPMDO1    
 173841000.0000  0.100000000000000      0.100729496299766      2.509E-03  WETZTROPMDO1    
 173841300.0000  0.100000000000000      0.100407579029161      2.384E-03  WETZTROPMDO1    
 173841600.0000  0.100000000000000      0.101969575587793      2.430E-03  WETZTROPMDO1    
 173841900.0000  0.100000000000000      9.965835070695614E-02  2.442E-03  WETZTROPMDO1    
 173842200.0000  0.100000000000000      9.562904868873005E-02  2.477E-03  WETZTROPMDO1    
 173842500.0000  0.100000000000000      9.425876144643294E-02  2.822E-03  WETZTROPMDO1    
 173842800.0000  0.100000000000000      9.443186941849183E-02  3.032E-03  WETZTROPMDO1    
 173843100.0000  0.100000000000000      9.507906692859953E-02  3.213E-03  WETZTROPMDO1    
 173843400.0000  0.100000000000000      9.491288091949616E-02  3.388E-03  WETZTROPMDO1    
 173843700.0000  0.100000000000000      9.522247049749027E-02  3.558E-03  WETZTROPMDO1    
 173844000.0000  0.100000000000000      9.520161222879149E-02  3.721E-03  WETZTROPMDO1    
 173844300.0000  0.100000000000000      9.471233817101719E-02  3.871E-03  WETZTROPMDO1    
 173844600.0000  0.100000000000000      9.478706355787050E-02  4.001E-03  WETZTROPMDO1    
 173844900.0000  0.100000000000000      9.520027377747516E-02  4.105E-03  WETZTROPMDO1    
 173845200.0000  0.100000000000000      9.539349136688446E-02  4.182E-03  WETZTROPMDO1    
 173845500.0000  0.100000000000000      9.553776792020539E-02  4.241E-03  WETZTROPMDO1    
 173845800.0000  0.100000000000000      9.572472438065598E-02  4.307E-03  WETZTROPMDO1    
 173846100.0000  0.100000000000000      9.575347699587619E-02  4.436E-03  WETZTROPMDO1    
 173846400.0000  0.100000000000000      9.630819803085432E-02  4.446E-03  WETZTROPMDO1    
 173846700.0000  0.100000000000000      9.698670606680847E-02  4.337E-03  WETZTROPMDO1    
 173847000.0000  0.100000000000000      9.825475611597419E-02  4.101E-03  WETZTROPMDO1    
 173847300.0000  0.100000000000000      9.973580492720660E-02  3.708E-03  WETZTROPMDO1    
 173847600.0000  0.100000000000000      0.101345890269659      3.065E-03  WETZTROPMDO1    
 173847900.0000  0.100000000000000      0.101457567052837      2.880E-03  WETZTROPMDO1    
 173848200.0000  0.100000000000000      0.100922177017534      2.978E-03  WETZTROPMDO1    
 173848500.0000  0.100000000000000      0.100869512576669      3.036E-03  WETZTROPMDO1    
 173848800.0000  0.100000000000000      0.100990992713372      3.015E-03  WETZTROPMDO1    
 173849100.0000  0.100000000000000      0.100928088505827      3.020E-03  WETZTROPMDO1    
 173849400.0000  0.100000000000000      0.100356341481558      3.288E-03  WETZTROPMDO1    
 173849700.0000  0.100000000000000      9.999282982739136E-02  3.814E-03  WETZTROPMDO1    
 173850000.0000  0.100000000000000      0.100188153794448      4.180E-03  WETZTROPMDO1    
 173850300.0000  0.100000000000000      0.100339925525235      4.422E-03  WETZTROPMDO1    
 173850600.0000  0.100000000000000      0.100036890520002      4.547E-03  WETZTROPMDO1    
 173850900.0000  0.100000000000000      0.100079552596935      4.549E-03  WETZTROPMDO1    
 173851200.0000  0.100000000000000      0.100272991012588      4.425E-03  WETZTROPMDO1    
 173851500.0000  0.100000000000000      0.100109851166788      4.180E-03  WETZTROPMDO1    
 173851800.0000  0.100000000000000      9.919746533207349E-02  3.923E-03  WETZTROPMDO1    
 173852100.0000  0.100000000000000      9.817257055177456E-02  3.537E-03  WETZTROPMDO1    
 173852400.0000  0.100000000000000      0.100727174290896      3.608E-03  WETZTROPMDO1    
 173852700.0000  0.100000000000000      0.102774795241965      3.669E-03  WETZTROPMDO1    
 173853000.0000  0.100000000000000      0.104519147377572      3.658E-03  WETZTROPMDO1    
 173853300.0000  0.100000000000000      0.104943560555957      3.470E-03  WETZTROPMDO1    
 173853600.0000  0.100000000000000      0.107178872144424      3.483E-03  WETZTROPMDO1    
 173853900.0000  0.100000000000000      0.108786859069015      3.528E-03  WETZTROPMDO1    
 173854200.0000  0.100000000000000      0.110457609066532      3.610E-03  WETZTROPMDO1    
 173854500.0000  0.100000000000000      0.112092953628638      3.659E-03  WETZTROPMDO1    
 173854800.0000  0.100000000000000      0.114929392482349      3.663E-03  WETZTROPMDO1    
 173855100.0000  0.100000000000000      0.118846490304261      3.613E-03  WETZTROPMDO1    
 173855400.0000  0.100000000000000      0.122309676719000      3.494E-03  WETZTROPMDO1    
 173855700.0000  0.100000000000000      0.123514453474919      3.265E-03  WETZTROPMDO1    
 173856000.0000  0.100000000000000      0.125812923057164      3.752E-03  WETZTROPMDO1    
 173856300.0000  0.100000000000000      0.128125461203163      3.904E-03  WETZTROPMDO1    
 173856600.0000  0.100000000000000      0.132581044217449      3.859E-03  WETZTROPMDO1    
 173856900.0000  0.100000000000000      0.135015318076074      3.878E-03  WETZTROPMDO1    
 173857200.0000  0.100000000000000      0.137148472977236      3.894E-03  WETZTROPMDO1    
 173857500.0000  0.100000000000000      0.138743527942415      4.074E-03  WETZTROPMDO1    
 173857800.0000  0.100000000000000      0.140535805789395      4.188E-03  WETZTROPMDO1    
 173858100.0000  0.100000000000000      0.142099560658143      4.231E-03  WETZTROPMDO1    
 173858400.0000  0.100000000000000      0.143103793739292      4.197E-03  WETZTROPMDO1    
 173858700.0000  0.100000000000000      0.143509306740679      4.075E-03  WETZTROPMDO1    
 173859000.0000  0.100000000000000      0.144069327697350      3.849E-03  WETZTROPMDO1    
 173859300.0000  0.100000000000000      0.143919333564651      3.479E-03  WETZTROPMDO1    
 173859600.0000  0.100000000000000      0.143646007244309      2.843E-03  WETZTROPMDO1    
 173859900.0000  0.100000000000000      0.140966358130666      2.471E-03  WETZTROPMDO1    
 173860200.0000  0.100000000000000      0.139523707293878      2.504E-03  WETZTROPMDO1    
 173860500.0000  0.100000000000000      0.138468311179733      2.608E-03  WETZTROPMDO1    
 173860800.0000  0.100000000000000      0.135777107219530      2.801E-03  WETZTROPMDO1    
 173861100.0000  0.100000000000000      0.135436946970747      2.802E-03  WETZTROPMDO1    
 173861400.0000  0.100000000000000      0.135305347842339      2.716E-03  WETZTROPMDO1    
 173861700.0000  0.100000000000000      0.132731134480153      2.883E-03  WETZTROPMDO1    
 173862000.0000  0.100000000000000      0.130159990827926      3.098E-03  WETZTROPMDO1    
 173862300.0000  0.100000000000000      0.127693853769025      3.228E-03  WETZTROPMDO1    
 173862600.0000  0.100000000000000      0.123844122568196      3.322E-03  WETZTROPMDO1    
 173862900.0000  0.100000000000000      0.121704303395437      3.394E-03  WETZTROPMDO1    
 173863200.0000  0.100000000000000      0.118940508820937      3.449E-03  WETZTROPMDO1    
 173863500.0000  0.100000000000000      0.117602698992669      3.488E-03  WETZTROPMDO1    
 173863800.0000  0.100000000000000      0.115354777154335      3.510E-03  WETZTROPMDO1    
 173864100.0000  0.100000000000000      0.114836858236608      3.514E-03  WETZTROPMDO1    
 173864400.0000  0.100000000000000      0.115358231093684      3.500E-03  WETZTROPMDO1    
 173864700.0000  0.100000000000000      0.115592055662298      3.466E-03  WETZTROPMDO1    
 173865000.0000  0.100000000000000      0.115944609440762      3.410E-03  WETZTROPMDO1    
 173865300.0000  0.100000000000000      0.116103027394401      3.324E-03  WETZTROPMDO1    
 173865600.0000  0.100000000000000      0.117085958614554      3.197E-03  WETZTROPMDO1    
 173865900.0000  0.100000000000000      0.117718427459886      2.990E-03  WETZTROPMDO1    
 173866200.0000  0.100000000000000      0.118834468743904      2.932E-03  WETZTROPMDO1    
 173866500.0000  0.100000000000000      0.119655015992388      2.899E-03  WETZTROPMDO1    
 173866800.0000  0.100000000000000      0.119667835611481      2.789E-03  WETZTROPMDO1    
 173867100.0000  0.100000000000000      0.119362105026597      2.705E-03  WETZTROPMDO1    
 173867400.0000  0.100000000000000      0.119011477527046      2.625E-03  WETZTROPMDO1    
 173867700.0000  0.100000000000000      0.118349987600302      2.707E-03  WETZTROPMDO1    
 173868000.0000  0.100000000000000      0.119978582986698      2.734E-03  WETZTROPMDO1    
 173868300.0000  0.100000000000000      0.118256390818260      3.280E-03  WETZTROPMDO1    
 173868600.0000  0.100000000000000      0.117542697930567      3.590E-03  WETZTROPMDO1    
 173868900.0000  0.100000000000000      0.116049125384267      3.727E-03  WETZTROPMDO1    
 173869200.0000  0.100000000000000      0.113621237583402      3.745E-03  WETZTROPMDO1    
 173869500.0000  0.100000000000000      0.112269271939045      3.668E-03  WETZTROPMDO1    
 173869800.0000  0.100000000000000      0.112974435135447      3.496E-03  WETZTROPMDO1    
 173870100.0000  0.100000000000000      0.114191340016107      3.437E-03  WETZTROPMDO1    
 173870400.0000  0.100000000000000      0.115379321954482      3.396E-03  WETZTROPMDO1    
 173870700.0000  0.100000000000000      0.115590778208887      3.362E-03  WETZTROPMDO1    
 173871000.0000  0.100000000000000      0.117829562981569      3.379E-03  WETZTROPMDO1    
 173871300.0000  0.100000000000000      0.120972414872962      3.600E-03  WETZTROPMDO1    
 173871600.0000  0.100000000000000      0.123782548385778      3.403E-03  WETZTROPMDO1    
 173871900.0000  0.100000000000000      0.123493138090334      3.965E-03  WETZTROPMDO1    
 173872200.0000  0.100000000000000      0.123448467038925      4.296E-03  WETZTROPMDO1    
 173872500.0000  0.100000000000000      0.123680209021289      4.478E-03  WETZTROPMDO1    
 173872800.0000  0.100000000000000      0.124028175309846      4.556E-03  WETZTROPMDO1    
 173873100.0000  0.100000000000000      0.123809050114121      4.559E-03  WETZTROPMDO1    
 173873400.0000  0.100000000000000      0.122987539518251      4.513E-03  WETZTROPMDO1    
 173873700.0000  0.100000000000000      0.121197831004019      4.430E-03  WETZTROPMDO1    
 173874000.0000  0.100000000000000      0.119435982983812      4.317E-03  WETZTROPMDO1    
 173874300.0000  0.100000000000000      0.117908585475950      4.185E-03  WETZTROPMDO1    
 173874600.0000  0.100000000000000      0.116661722858740      4.040E-03  WETZTROPMDO1    
 173874900.0000  0.100000000000000      0.115150264279320      3.886E-03  WETZTROPMDO1    
 173875200.0000  0.100000000000000      0.114269049664566      3.722E-03  WETZTROPMDO1    
 173875500.0000  0.100000000000000      0.113835356334264      3.536E-03  WETZTROPMDO1    
 173875800.0000  0.100000000000000      0.112445379229997      3.286E-03  WETZTROPMDO1    
 173876100.0000  0.100000000000000      0.110654500666424      3.239E-03  WETZTROPMDO1    
 173876400.0000  0.100000000000000      0.110695788238825      3.241E-03  WETZTROPMDO1    
 173876700.0000  0.100000000000000      0.108375956759359      3.295E-03  WETZTROPMDO1    
 173877000.0000  0.100000000000000      0.106458543939838      3.534E-03  WETZTROPMDO1    
 173877300.0000  0.100000000000000      0.106061608030526      3.612E-03  WETZTROPMDO1    
 173877600.0000  0.100000000000000      0.107109831386800      3.609E-03  WETZTROPMDO1    
 173877900.0000  0.100000000000000      0.107852668626914      3.732E-03  WETZTROPMDO1    
 173878200.0000  0.100000000000000      0.108574680776220      4.220E-03  WETZTROPMDO1    
 173878500.0000  0.100000000000000      0.108204063616718      4.680E-03  WETZTROPMDO1    
 173878800.0000  0.100000000000000      0.109673397953410      5.129E-03  WETZTROPMDO1    
 173879100.0000  0.100000000000000      0.110214581971137      5.573E-03  WETZTROPMDO1    
 173879400.0000  0.100000000000000      0.110881381371435      6.025E-03  WETZTROPMDO1    
 173879700.0000  0.100000000000000      0.110737583350695      6.524E-03  WETZTROPMDO1    
