 173448000.0000  0.100000000000000      6.309143946504786E-02  3.301E-03  WETZTROPRESO    
 173448300.0000  0.100000000000000      6.179986855458707E-02  3.148E-03  WETZTROPRESO    
 173448600.0000  0.100000000000000      6.186685019437072E-02  3.123E-03  WETZTROPRESO    
 173448900.0000  0.100000000000000      6.041908447433059E-02  3.039E-03  WETZTROPRESO    
 173449200.0000  0.100000000000000      5.973184179752232E-02  2.842E-03  WETZTROPRESO    
 173449500.0000  0.100000000000000      5.944050601338748E-02  2.526E-03  WETZTROPRESO    
 173449800.0000  0.100000000000000      6.073794628389897E-02  2.367E-03  WETZTROPRESO    
 173450100.0000  0.100000000000000      6.007148602844220E-02  2.452E-03  WETZTROPRESO    
 173450400.0000  0.100000000000000      6.127642088065594E-02  2.383E-03  WETZTROPRESO    
 173450700.0000  0.100000000000000      6.200956213126890E-02  2.388E-03  WETZTROPRESO    
 173451000.0000  0.100000000000000      6.118622983549112E-02  2.292E-03  WETZTROPRESO    
 173451300.0000  0.100000000000000      6.171525712945926E-02  1.982E-03  WETZTROPRESO    
 173451600.0000  0.100000000000000      6.393211980633096E-02  2.318E-03  WETZTROPRESO    
 173451900.0000  0.100000000000000      6.444718543174967E-02  2.519E-03  WETZTROPRESO    
 173452200.0000  0.100000000000000      6.420426739976207E-02  2.619E-03  WETZTROPRESO    
 173452500.0000  0.100000000000000      6.445109560467313E-02  2.581E-03  WETZTROPRESO    
 173452800.0000  0.100000000000000      6.327926007736603E-02  2.291E-03  WETZTROPRESO    
 173453100.0000  0.100000000000000      6.526674234254538E-02  2.046E-03  WETZTROPRESO    
 173453400.0000  0.100000000000000      6.451366458406751E-02  2.051E-03  WETZTROPRESO    
 173453700.0000  0.100000000000000      6.198305294587116E-02  2.433E-03  WETZTROPRESO    
 173454000.0000  0.100000000000000      6.340610754567795E-02  2.637E-03  WETZTROPRESO    
 173454300.0000  0.100000000000000      6.465170421518004E-02  2.681E-03  WETZTROPRESO    
 173454600.0000  0.100000000000000      6.532260217209235E-02  2.386E-03  WETZTROPRESO    
 173454900.0000  0.100000000000000      6.507547821341110E-02  2.524E-03  WETZTROPRESO    
 173455200.0000  0.100000000000000      6.498984619969518E-02  2.659E-03  WETZTROPRESO    
 173455500.0000  0.100000000000000      6.235540057919213E-02  2.717E-03  WETZTROPRESO    
 173455800.0000  0.100000000000000      6.105215033702898E-02  2.676E-03  WETZTROPRESO    
 173456100.0000  0.100000000000000      6.145735911858818E-02  2.548E-03  WETZTROPRESO    
 173456400.0000  0.100000000000000      6.236867353706099E-02  2.395E-03  WETZTROPRESO    
 173456700.0000  0.100000000000000      6.145519926418538E-02  2.021E-03  WETZTROPRESO    
 173457000.0000  0.100000000000000      6.170881092343223E-02  1.884E-03  WETZTROPRESO    
 173457300.0000  0.100000000000000      6.246341726703251E-02  2.011E-03  WETZTROPRESO    
 173457600.0000  0.100000000000000      6.413542927162208E-02  2.212E-03  WETZTROPRESO    
 173457900.0000  0.100000000000000      6.350039167326624E-02  2.325E-03  WETZTROPRESO    
 173458200.0000  0.100000000000000      6.373106304703338E-02  2.568E-03  WETZTROPRESO    
 173458500.0000  0.100000000000000      6.372485694353640E-02  2.592E-03  WETZTROPRESO    
 173458800.0000  0.100000000000000      6.299678309515030E-02  2.682E-03  WETZTROPRESO    
 173459100.0000  0.100000000000000      6.273102597467974E-02  2.565E-03  WETZTROPRESO    
 173459400.0000  0.100000000000000      6.178567808036710E-02  2.554E-03  WETZTROPRESO    
 173459700.0000  0.100000000000000      6.016484310034529E-02  2.530E-03  WETZTROPRESO    
 173460000.0000  0.100000000000000      6.013683145198491E-02  2.548E-03  WETZTROPRESO    
 173460300.0000  0.100000000000000      6.060604868187548E-02  3.064E-03  WETZTROPRESO    
 173460600.0000  0.100000000000000      6.095516271116184E-02  3.219E-03  WETZTROPRESO    
 173460900.0000  0.100000000000000      6.096871032705119E-02  3.093E-03  WETZTROPRESO    
 173461200.0000  0.100000000000000      6.183341405887438E-02  2.533E-03  WETZTROPRESO    
 173461500.0000  0.100000000000000      6.359452634067522E-02  2.451E-03  WETZTROPRESO    
 173461800.0000  0.100000000000000      6.264426660278477E-02  2.141E-03  WETZTROPRESO    
 173462100.0000  0.100000000000000      6.271218986092855E-02  2.278E-03  WETZTROPRESO    
 173462400.0000  0.100000000000000      6.219034927610767E-02  2.447E-03  WETZTROPRESO    
 173462700.0000  0.100000000000000      6.320607699814759E-02  2.671E-03  WETZTROPRESO    
 173463000.0000  0.100000000000000      6.295822146152508E-02  2.602E-03  WETZTROPRESO    
 173463300.0000  0.100000000000000      6.361099051655342E-02  2.523E-03  WETZTROPRESO    
 173463600.0000  0.100000000000000      6.338344157639697E-02  2.386E-03  WETZTROPRESO    
 173463900.0000  0.100000000000000      6.327252845270653E-02  2.220E-03  WETZTROPRESO    
 173464200.0000  0.100000000000000      6.333031246521437E-02  2.162E-03  WETZTROPRESO    
 173464500.0000  0.100000000000000      6.410344336079490E-02  2.043E-03  WETZTROPRESO    
 173464800.0000  0.100000000000000      6.348784185979900E-02  2.667E-03  WETZTROPRESO    
 173465100.0000  0.100000000000000      6.312918079726922E-02  2.512E-03  WETZTROPRESO    
 173465400.0000  0.100000000000000      6.179181887420425E-02  2.705E-03  WETZTROPRESO    
 173465700.0000  0.100000000000000      6.108038297041916E-02  2.870E-03  WETZTROPRESO    
 173466000.0000  0.100000000000000      6.117128089877610E-02  2.910E-03  WETZTROPRESO    
 173466300.0000  0.100000000000000      6.016027465678490E-02  2.735E-03  WETZTROPRESO    
 173466600.0000  0.100000000000000      5.940641274523870E-02  2.679E-03  WETZTROPRESO    
 173466900.0000  0.100000000000000      6.233720407089973E-02  2.582E-03  WETZTROPRESO    
 173467200.0000  0.100000000000000      6.152187983679831E-02  2.401E-03  WETZTROPRESO    
 173467500.0000  0.100000000000000      6.118726798931147E-02  2.156E-03  WETZTROPRESO    
 173467800.0000  0.100000000000000      6.170077662514668E-02  1.956E-03  WETZTROPRESO    
 173468100.0000  0.100000000000000      6.380797121127854E-02  2.057E-03  WETZTROPRESO    
 173468400.0000  0.100000000000000      6.411859528890808E-02  1.968E-03  WETZTROPRESO    
 173468700.0000  0.100000000000000      6.580357007075696E-02  1.962E-03  WETZTROPRESO    
 173469000.0000  0.100000000000000      6.643553089513592E-02  2.027E-03  WETZTROPRESO    
 173469300.0000  0.100000000000000      6.929112306137342E-02  2.047E-03  WETZTROPRESO    
 173469600.0000  0.100000000000000      6.851726575195916E-02  2.502E-03  WETZTROPRESO    
 173469900.0000  0.100000000000000      6.735173114860139E-02  2.650E-03  WETZTROPRESO    
 173470200.0000  0.100000000000000      6.701948858636773E-02  2.656E-03  WETZTROPRESO    
 173470500.0000  0.100000000000000      6.724757123813035E-02  2.509E-03  WETZTROPRESO    
 173470800.0000  0.100000000000000      6.565852576388000E-02  2.453E-03  WETZTROPRESO    
 173471100.0000  0.100000000000000      6.660686527647514E-02  2.349E-03  WETZTROPRESO    
 173471400.0000  0.100000000000000      6.685454399067434E-02  2.169E-03  WETZTROPRESO    
 173471700.0000  0.100000000000000      6.302745224690452E-02  2.078E-03  WETZTROPRESO    
 173472000.0000  0.100000000000000      6.141594775435965E-02  2.188E-03  WETZTROPRESO    
 173472300.0000  0.100000000000000      6.301530960288532E-02  2.018E-03  WETZTROPRESO    
 173472600.0000  0.100000000000000      6.394652497809930E-02  2.197E-03  WETZTROPRESO    
 173472900.0000  0.100000000000000      6.658166510563834E-02  2.278E-03  WETZTROPRESO    
 173473200.0000  0.100000000000000      6.775609423272547E-02  1.862E-03  WETZTROPRESO    
 173473500.0000  0.100000000000000      6.553686299253964E-02  2.044E-03  WETZTROPRESO    
 173473800.0000  0.100000000000000      6.405401153173357E-02  2.253E-03  WETZTROPRESO    
 173474100.0000  0.100000000000000      6.516435443190054E-02  2.433E-03  WETZTROPRESO    
 173474400.0000  0.100000000000000      6.413611387514950E-02  2.671E-03  WETZTROPRESO    
 173474700.0000  0.100000000000000      6.437319574722397E-02  2.740E-03  WETZTROPRESO    
 173475000.0000  0.100000000000000      6.368415219091524E-02  2.619E-03  WETZTROPRESO    
 173475300.0000  0.100000000000000      6.476768256695824E-02  2.783E-03  WETZTROPRESO    
 173475600.0000  0.100000000000000      6.552019328706499E-02  2.772E-03  WETZTROPRESO    
 173475900.0000  0.100000000000000      6.371663400540108E-02  2.745E-03  WETZTROPRESO    
 173476200.0000  0.100000000000000      6.289619668565367E-02  3.084E-03  WETZTROPRESO    
 173476500.0000  0.100000000000000      6.210216972123726E-02  3.021E-03  WETZTROPRESO    
 173476800.0000  0.100000000000000      6.125252191984965E-02  2.498E-03  WETZTROPRESO    
 173477100.0000  0.100000000000000      6.292009538647159E-02  2.550E-03  WETZTROPRESO    
 173477400.0000  0.100000000000000      6.492527323627363E-02  2.609E-03  WETZTROPRESO    
 173477700.0000  0.100000000000000      6.349789165001499E-02  2.544E-03  WETZTROPRESO    
 173478000.0000  0.100000000000000      6.492989845684877E-02  2.161E-03  WETZTROPRESO    
 173478300.0000  0.100000000000000      6.596603353282665E-02  2.142E-03  WETZTROPRESO    
 173478600.0000  0.100000000000000      6.748508452920356E-02  1.946E-03  WETZTROPRESO    
 173478900.0000  0.100000000000000      6.450965543313864E-02  1.951E-03  WETZTROPRESO    
 173479200.0000  0.100000000000000      6.386443516636539E-02  1.906E-03  WETZTROPRESO    
 173479500.0000  0.100000000000000      6.213306981745708E-02  2.183E-03  WETZTROPRESO    
 173479800.0000  0.100000000000000      6.294967629027055E-02  2.524E-03  WETZTROPRESO    
 173480100.0000  0.100000000000000      6.139264370692978E-02  2.512E-03  WETZTROPRESO    
 173480400.0000  0.100000000000000      6.155807971899528E-02  2.741E-03  WETZTROPRESO    
 173480700.0000  0.100000000000000      6.222709066648054E-02  2.515E-03  WETZTROPRESO    
 173481000.0000  0.100000000000000      6.321171618241411E-02  2.821E-03  WETZTROPRESO    
 173481300.0000  0.100000000000000      6.404100249973477E-02  2.692E-03  WETZTROPRESO    
 173481600.0000  0.100000000000000      6.392944608899395E-02  2.646E-03  WETZTROPRESO    
 173481900.0000  0.100000000000000      6.324966146702157E-02  2.553E-03  WETZTROPRESO    
 173482200.0000  0.100000000000000      6.232363244051318E-02  2.396E-03  WETZTROPRESO    
 173482500.0000  0.100000000000000      6.086283643756302E-02  2.229E-03  WETZTROPRESO    
 173482800.0000  0.100000000000000      6.260128585055054E-02  2.394E-03  WETZTROPRESO    
 173483100.0000  0.100000000000000      6.091105912165244E-02  2.087E-03  WETZTROPRESO    
 173483400.0000  0.100000000000000      6.140356537472824E-02  1.909E-03  WETZTROPRESO    
 173483700.0000  0.100000000000000      6.157834309533450E-02  1.963E-03  WETZTROPRESO    
 173484000.0000  0.100000000000000      6.137999875344625E-02  2.226E-03  WETZTROPRESO    
 173484300.0000  0.100000000000000      6.223794881766066E-02  2.262E-03  WETZTROPRESO    
 173484600.0000  0.100000000000000      6.214912134329231E-02  2.350E-03  WETZTROPRESO    
 173484900.0000  0.100000000000000      6.145182484861030E-02  2.306E-03  WETZTROPRESO    
 173485200.0000  0.100000000000000      6.206405703925189E-02  2.770E-03  WETZTROPRESO    
 173485500.0000  0.100000000000000      6.215889840640260E-02  2.700E-03  WETZTROPRESO    
 173485800.0000  0.100000000000000      6.261077042500313E-02  2.921E-03  WETZTROPRESO    
 173486100.0000  0.100000000000000      6.386073390609670E-02  3.140E-03  WETZTROPRESO    
 173486400.0000  0.100000000000000      6.444598837083634E-02  3.425E-03  WETZTROPRESO    
 173486700.0000  0.100000000000000      6.564856038988695E-02  3.581E-03  WETZTROPRESO    
 173487000.0000  0.100000000000000      6.651255287372843E-02  3.623E-03  WETZTROPRESO    
 173487300.0000  0.100000000000000      6.590311160799761E-02  3.422E-03  WETZTROPRESO    
 173487600.0000  0.100000000000000      6.598211829717446E-02  3.377E-03  WETZTROPRESO    
 173487900.0000  0.100000000000000      6.543356480353668E-02  3.264E-03  WETZTROPRESO    
 173488200.0000  0.100000000000000      6.505022355530662E-02  3.161E-03  WETZTROPRESO    
 173488500.0000  0.100000000000000      6.430987010802822E-02  2.754E-03  WETZTROPRESO    
 173488800.0000  0.100000000000000      6.523219069243524E-02  2.291E-03  WETZTROPRESO    
 173489100.0000  0.100000000000000      6.463742789591206E-02  2.169E-03  WETZTROPRESO    
 173489400.0000  0.100000000000000      6.765561440014839E-02  2.046E-03  WETZTROPRESO    
 173489700.0000  0.100000000000000      6.674794408753915E-02  2.163E-03  WETZTROPRESO    
 173490000.0000  0.100000000000000      6.681154654129523E-02  2.486E-03  WETZTROPRESO    
 173490300.0000  0.100000000000000      6.710238609783006E-02  2.480E-03  WETZTROPRESO    
 173490600.0000  0.100000000000000      6.595058400412201E-02  2.331E-03  WETZTROPRESO    
 173490900.0000  0.100000000000000      6.608402962752702E-02  2.049E-03  WETZTROPRESO    
 173491200.0000  0.100000000000000      6.808024558720240E-02  2.270E-03  WETZTROPRESO    
 173491500.0000  0.100000000000000      6.806808366460679E-02  2.342E-03  WETZTROPRESO    
 173491800.0000  0.100000000000000      6.911912359561019E-02  2.369E-03  WETZTROPRESO    
 173492100.0000  0.100000000000000      6.673057299150920E-02  2.817E-03  WETZTROPRESO    
 173492400.0000  0.100000000000000      6.450454254465768E-02  2.790E-03  WETZTROPRESO    
 173492700.0000  0.100000000000000      6.620793280260509E-02  2.877E-03  WETZTROPRESO    
 173493000.0000  0.100000000000000      6.628731810250707E-02  2.913E-03  WETZTROPRESO    
 173493300.0000  0.100000000000000      6.648926168404215E-02  2.821E-03  WETZTROPRESO    
 173493600.0000  0.100000000000000      6.647239954358021E-02  2.410E-03  WETZTROPRESO    
 173493900.0000  0.100000000000000      6.595667314915915E-02  2.469E-03  WETZTROPRESO    
 173494200.0000  0.100000000000000      6.671710924120594E-02  2.507E-03  WETZTROPRESO    
 173494500.0000  0.100000000000000      6.777003765433041E-02  2.460E-03  WETZTROPRESO    
 173494800.0000  0.100000000000000      6.745125193491530E-02  2.390E-03  WETZTROPRESO    
 173495100.0000  0.100000000000000      6.709642892416663E-02  2.722E-03  WETZTROPRESO    
 173495400.0000  0.100000000000000      6.601915091433032E-02  2.251E-03  WETZTROPRESO    
 173495700.0000  0.100000000000000      6.476335137592709E-02  2.430E-03  WETZTROPRESO    
 173496000.0000  0.100000000000000      6.537814887903905E-02  2.164E-03  WETZTROPRESO    
 173496300.0000  0.100000000000000      6.613523320426228E-02  2.277E-03  WETZTROPRESO    
 173496600.0000  0.100000000000000      6.607247529300983E-02  2.115E-03  WETZTROPRESO    
 173496900.0000  0.100000000000000      6.621406041243155E-02  2.276E-03  WETZTROPRESO    
 173497200.0000  0.100000000000000      6.383065781890748E-02  2.291E-03  WETZTROPRESO    
 173497500.0000  0.100000000000000      6.401107369993703E-02  2.582E-03  WETZTROPRESO    
 173497800.0000  0.100000000000000      6.198448393431519E-02  2.766E-03  WETZTROPRESO    
 173498100.0000  0.100000000000000      6.356364640881776E-02  2.784E-03  WETZTROPRESO    
 173498400.0000  0.100000000000000      6.436929435636343E-02  2.670E-03  WETZTROPRESO    
 173498700.0000  0.100000000000000      6.400032397766328E-02  2.541E-03  WETZTROPRESO    
 173499000.0000  0.100000000000000      6.340133123923722E-02  2.364E-03  WETZTROPRESO    
 173499300.0000  0.100000000000000      6.325036737635374E-02  2.196E-03  WETZTROPRESO    
 173499600.0000  0.100000000000000      6.459119412755548E-02  2.557E-03  WETZTROPRESO    
 173499900.0000  0.100000000000000      6.654227911362329E-02  2.555E-03  WETZTROPRESO    
 173500200.0000  0.100000000000000      6.571960455202158E-02  2.316E-03  WETZTROPRESO    
 173500500.0000  0.100000000000000      6.560476761443285E-02  2.330E-03  WETZTROPRESO    
 173500800.0000  0.100000000000000      6.536431283248968E-02  2.362E-03  WETZTROPRESO    
 173501100.0000  0.100000000000000      6.459142834011791E-02  2.488E-03  WETZTROPRESO    
 173501400.0000  0.100000000000000      6.727116944473863E-02  2.223E-03  WETZTROPRESO    
 173501700.0000  0.100000000000000      6.569501580000005E-02  2.296E-03  WETZTROPRESO    
 173502000.0000  0.100000000000000      6.556509630944340E-02  2.357E-03  WETZTROPRESO    
 173502300.0000  0.100000000000000      6.489345921027362E-02  2.372E-03  WETZTROPRESO    
 173502600.0000  0.100000000000000      6.743466242388363E-02  2.349E-03  WETZTROPRESO    
 173502900.0000  0.100000000000000      7.050364635740974E-02  2.353E-03  WETZTROPRESO    
 173503200.0000  0.100000000000000      6.845665460933360E-02  2.929E-03  WETZTROPRESO    
 173503500.0000  0.100000000000000      6.748103252993599E-02  3.000E-03  WETZTROPRESO    
 173503800.0000  0.100000000000000      6.661114482980149E-02  2.610E-03  WETZTROPRESO    
 173504100.0000  0.100000000000000      6.600246087641917E-02  2.703E-03  WETZTROPRESO    
 173504400.0000  0.100000000000000      6.554520951151044E-02  2.733E-03  WETZTROPRESO    
 173504700.0000  0.100000000000000      6.447548341307188E-02  2.740E-03  WETZTROPRESO    
 173505000.0000  0.100000000000000      6.328225100871411E-02  2.616E-03  WETZTROPRESO    
 173505300.0000  0.100000000000000      6.286170240986547E-02  2.154E-03  WETZTROPRESO    
 173505600.0000  0.100000000000000      5.917451354384939E-02  2.423E-03  WETZTROPRESO    
 173505900.0000  0.100000000000000      5.611072117601118E-02  2.247E-03  WETZTROPRESO    
 173506200.0000  0.100000000000000      5.721972695947257E-02  2.243E-03  WETZTROPRESO    
 173506500.0000  0.100000000000000      5.726893837281162E-02  2.669E-03  WETZTROPRESO    
 173506800.0000  0.100000000000000      5.756058684626725E-02  2.855E-03  WETZTROPRESO    
 173507100.0000  0.100000000000000      5.796278419576746E-02  3.064E-03  WETZTROPRESO    
 173507400.0000  0.100000000000000      5.845238685526679E-02  3.185E-03  WETZTROPRESO    
 173507700.0000  0.100000000000000      5.839140195739973E-02  3.190E-03  WETZTROPRESO    
 173508000.0000  0.100000000000000      5.753756317833233E-02  3.096E-03  WETZTROPRESO    
 173508300.0000  0.100000000000000      5.480434782627971E-02  2.935E-03  WETZTROPRESO    
 173508600.0000  0.100000000000000      5.236174900582941E-02  2.643E-03  WETZTROPRESO    
 173508900.0000  0.100000000000000      5.017855276262435E-02  2.156E-03  WETZTROPRESO    
 173509200.0000  0.100000000000000      5.001142947469281E-02  2.156E-03  WETZTROPRESO    
 173509500.0000  0.100000000000000      4.906115201168980E-02  2.168E-03  WETZTROPRESO    
 173509800.0000  0.100000000000000      5.097710386233461E-02  2.567E-03  WETZTROPRESO    
 173510100.0000  0.100000000000000      5.099135878067303E-02  2.631E-03  WETZTROPRESO    
 173510400.0000  0.100000000000000      4.987141308756388E-02  2.909E-03  WETZTROPRESO    
 173510700.0000  0.100000000000000      4.789694184379870E-02  2.840E-03  WETZTROPRESO    
 173511000.0000  0.100000000000000      4.823417006745217E-02  2.856E-03  WETZTROPRESO    
 173511300.0000  0.100000000000000      4.867666501411423E-02  2.719E-03  WETZTROPRESO    
 173511600.0000  0.100000000000000      4.850044236449248E-02  2.499E-03  WETZTROPRESO    
 173511900.0000  0.100000000000000      5.049478047424460E-02  2.240E-03  WETZTROPRESO    
 173512200.0000  0.100000000000000      5.419453186845511E-02  1.737E-03  WETZTROPRESO    
 173512500.0000  0.100000000000000      5.189056121991735E-02  1.951E-03  WETZTROPRESO    
 173512800.0000  0.100000000000000      4.896046789061310E-02  1.938E-03  WETZTROPRESO    
 173513100.0000  0.100000000000000      5.327424118342586E-02  2.077E-03  WETZTROPRESO    
 173513400.0000  0.100000000000000      5.184376608482912E-02  2.134E-03  WETZTROPRESO    
 173513700.0000  0.100000000000000      5.019447760508309E-02  2.021E-03  WETZTROPRESO    
 173514000.0000  0.100000000000000      4.894682241705663E-02  2.067E-03  WETZTROPRESO    
 173514300.0000  0.100000000000000      5.201603293047515E-02  2.485E-03  WETZTROPRESO    
 173514600.0000  0.100000000000000      5.212234413542437E-02  2.879E-03  WETZTROPRESO    
 173514900.0000  0.100000000000000      5.163232676828992E-02  3.043E-03  WETZTROPRESO    
 173515200.0000  0.100000000000000      5.241949860186538E-02  3.202E-03  WETZTROPRESO    
 173515500.0000  0.100000000000000      5.296987964819565E-02  3.303E-03  WETZTROPRESO    
 173515800.0000  0.100000000000000      5.403689087081754E-02  3.290E-03  WETZTROPRESO    
 173516100.0000  0.100000000000000      5.527571891373509E-02  3.075E-03  WETZTROPRESO    
 173516400.0000  0.100000000000000      5.603023588165712E-02  2.440E-03  WETZTROPRESO    
 173516700.0000  0.100000000000000      5.344218567438697E-02  2.151E-03  WETZTROPRESO    
 173517000.0000  0.100000000000000      5.218350435254257E-02  1.982E-03  WETZTROPRESO    
 173517300.0000  0.100000000000000      5.080653137216437E-02  2.196E-03  WETZTROPRESO    
 173517600.0000  0.100000000000000      5.171057424802277E-02  2.517E-03  WETZTROPRESO    
 173517900.0000  0.100000000000000      5.315787928552794E-02  2.735E-03  WETZTROPRESO    
 173518200.0000  0.100000000000000      5.331401126890217E-02  3.029E-03  WETZTROPRESO    
 173518500.0000  0.100000000000000      5.301547896188119E-02  3.032E-03  WETZTROPRESO    
 173518800.0000  0.100000000000000      5.334742591795742E-02  2.757E-03  WETZTROPRESO    
 173519100.0000  0.100000000000000      5.355761862771236E-02  2.713E-03  WETZTROPRESO    
 173519400.0000  0.100000000000000      5.374931684455193E-02  3.006E-03  WETZTROPRESO    
 173519700.0000  0.100000000000000      5.509651164972090E-02  3.235E-03  WETZTROPRESO    
 173520000.0000  0.100000000000000      5.697221088404808E-02  3.152E-03  WETZTROPRESO    
 173520300.0000  0.100000000000000      5.610228830055027E-02  2.893E-03  WETZTROPRESO    
 173520600.0000  0.100000000000000      5.644684990953634E-02  2.820E-03  WETZTROPRESO    
 173520900.0000  0.100000000000000      5.737046335356170E-02  2.348E-03  WETZTROPRESO    
 173521200.0000  0.100000000000000      5.276871832107239E-02  2.304E-03  WETZTROPRESO    
 173521500.0000  0.100000000000000      5.351862793343039E-02  2.261E-03  WETZTROPRESO    
 173521800.0000  0.100000000000000      5.294573812214769E-02  2.209E-03  WETZTROPRESO    
 173522100.0000  0.100000000000000      5.165810603046649E-02  2.417E-03  WETZTROPRESO    
 173522400.0000  0.100000000000000      5.150351599148480E-02  2.468E-03  WETZTROPRESO    
 173522700.0000  0.100000000000000      5.203271459047223E-02  2.935E-03  WETZTROPRESO    
 173523000.0000  0.100000000000000      5.243710761094823E-02  2.979E-03  WETZTROPRESO    
 173523300.0000  0.100000000000000      5.242587537848839E-02  2.624E-03  WETZTROPRESO    
 173523600.0000  0.100000000000000      5.391675332025790E-02  2.678E-03  WETZTROPRESO    
 173523900.0000  0.100000000000000      5.268321331764778E-02  2.792E-03  WETZTROPRESO    
 173524200.0000  0.100000000000000      5.211080549698099E-02  2.936E-03  WETZTROPRESO    
 173524500.0000  0.100000000000000      5.071579408553091E-02  2.865E-03  WETZTROPRESO    
 173524800.0000  0.100000000000000      4.931038353022599E-02  2.829E-03  WETZTROPRESO    
 173525100.0000  0.100000000000000      4.775338945608669E-02  2.534E-03  WETZTROPRESO    
 173525400.0000  0.100000000000000      4.763397547928926E-02  2.101E-03  WETZTROPRESO    
 173525700.0000  0.100000000000000      4.622785203596066E-02  1.980E-03  WETZTROPRESO    
 173526000.0000  0.100000000000000      4.666251688727344E-02  2.138E-03  WETZTROPRESO    
 173526300.0000  0.100000000000000      4.650206510985564E-02  2.392E-03  WETZTROPRESO    
 173526600.0000  0.100000000000000      4.527778992480666E-02  2.511E-03  WETZTROPRESO    
 173526900.0000  0.100000000000000      4.640154100367228E-02  2.491E-03  WETZTROPRESO    
 173527200.0000  0.100000000000000      4.657040082743409E-02  2.777E-03  WETZTROPRESO    
 173527500.0000  0.100000000000000      4.616511660414652E-02  2.946E-03  WETZTROPRESO    
 173527800.0000  0.100000000000000      4.500222728957838E-02  2.873E-03  WETZTROPRESO    
 173528100.0000  0.100000000000000      4.636909470938173E-02  2.870E-03  WETZTROPRESO    
 173528400.0000  0.100000000000000      4.797011787506592E-02  2.855E-03  WETZTROPRESO    
 173528700.0000  0.100000000000000      4.828307038186787E-02  2.731E-03  WETZTROPRESO    
 173529000.0000  0.100000000000000      5.032311257978874E-02  2.936E-03  WETZTROPRESO    
 173529300.0000  0.100000000000000      5.177173305604849E-02  2.906E-03  WETZTROPRESO    
 173529600.0000  0.100000000000000      5.278434883197258E-02  2.750E-03  WETZTROPRESO    
 173529900.0000  0.100000000000000      5.499315505480232E-02  2.568E-03  WETZTROPRESO    
 173530200.0000  0.100000000000000      5.700570240111038E-02  2.600E-03  WETZTROPRESO    
 173530500.0000  0.100000000000000      5.650111816727983E-02  2.893E-03  WETZTROPRESO    
 173530800.0000  0.100000000000000      5.720835857196933E-02  2.919E-03  WETZTROPRESO    
 173531100.0000  0.100000000000000      5.561233927150952E-02  2.969E-03  WETZTROPRESO    
 173531400.0000  0.100000000000000      5.364571112468298E-02  2.995E-03  WETZTROPRESO    
 173531700.0000  0.100000000000000      5.345341005393024E-02  3.255E-03  WETZTROPRESO    
 173532000.0000  0.100000000000000      5.631801316343393E-02  3.157E-03  WETZTROPRESO    
 173532300.0000  0.100000000000000      5.563738243978841E-02  3.387E-03  WETZTROPRESO    
 173532600.0000  0.100000000000000      5.491006734562608E-02  3.378E-03  WETZTROPRESO    
 173532900.0000  0.100000000000000      5.458562165066909E-02  3.194E-03  WETZTROPRESO    
 173533200.0000  0.100000000000000      5.464171667368376E-02  2.810E-03  WETZTROPRESO    
 173533500.0000  0.100000000000000      5.546459183726088E-02  2.978E-03  WETZTROPRESO    
 173533800.0000  0.100000000000000      5.520782170589052E-02  3.212E-03  WETZTROPRESO    
 173534100.0000  0.100000000000000      5.574743431692039E-02  3.855E-03  WETZTROPRESO    
