 173966400.0000  0.100000000000000      3.316207041116208E-02  2.714E-03  WETZTROPRESO    
 173966700.0000  0.100000000000000      3.161925577052094E-02  2.614E-03  WETZTROPRESO    
 173967000.0000  0.100000000000000      3.178493485258026E-02  2.635E-03  WETZTROPRESO    
 173967300.0000  0.100000000000000      3.413688239933728E-02  2.492E-03  WETZTROPRESO    
 173967600.0000  0.100000000000000      3.420926371330622E-02  2.462E-03  WETZTROPRESO    
 173967900.0000  0.100000000000000      3.486338709279431E-02  2.334E-03  WETZTROPRESO    
 173968200.0000  0.100000000000000      3.524202594483344E-02  2.159E-03  WETZTROPRESO    
 173968500.0000  0.100000000000000      3.736008718552188E-02  2.363E-03  WETZTROPRESO    
 173968800.0000  0.100000000000000      3.902664756533682E-02  2.532E-03  WETZTROPRESO    
 173969100.0000  0.100000000000000      3.985064169206985E-02  2.627E-03  WETZTROPRESO    
 173969400.0000  0.100000000000000      4.174125356550886E-02  2.588E-03  WETZTROPRESO    
 173969700.0000  0.100000000000000      4.247466072732245E-02  2.265E-03  WETZTROPRESO    
 173970000.0000  0.100000000000000      4.231995815906870E-02  2.325E-03  WETZTROPRESO    
 173970300.0000  0.100000000000000      4.111751369028663E-02  2.581E-03  WETZTROPRESO    
 173970600.0000  0.100000000000000      4.197938782875092E-02  2.543E-03  WETZTROPRESO    
 173970900.0000  0.100000000000000      4.259536912836007E-02  2.663E-03  WETZTROPRESO    
 173971200.0000  0.100000000000000      4.224720955030725E-02  2.686E-03  WETZTROPRESO    
 173971500.0000  0.100000000000000      4.125609890603942E-02  2.380E-03  WETZTROPRESO    
 173971800.0000  0.100000000000000      4.099202962992275E-02  2.520E-03  WETZTROPRESO    
 173972100.0000  0.100000000000000      4.078938492155255E-02  2.661E-03  WETZTROPRESO    
 173972400.0000  0.100000000000000      3.856674510851670E-02  2.721E-03  WETZTROPRESO    
 173972700.0000  0.100000000000000      3.752626615029704E-02  2.665E-03  WETZTROPRESO    
 173973000.0000  0.100000000000000      3.776869105282488E-02  2.459E-03  WETZTROPRESO    
 173973300.0000  0.100000000000000      3.770234028033574E-02  1.958E-03  WETZTROPRESO    
 173973600.0000  0.100000000000000      3.948468983348828E-02  1.891E-03  WETZTROPRESO    
 173973900.0000  0.100000000000000      3.944524103108691E-02  1.961E-03  WETZTROPRESO    
 173974200.0000  0.100000000000000      4.210050551332430E-02  2.380E-03  WETZTROPRESO    
 173974500.0000  0.100000000000000      4.378006551828893E-02  2.313E-03  WETZTROPRESO    
 173974800.0000  0.100000000000000      4.302574199337836E-02  2.362E-03  WETZTROPRESO    
 173975100.0000  0.100000000000000      4.258081225869732E-02  2.573E-03  WETZTROPRESO    
 173975400.0000  0.100000000000000      4.098674431785197E-02  2.634E-03  WETZTROPRESO    
 173975700.0000  0.100000000000000      4.057212326761733E-02  2.497E-03  WETZTROPRESO    
 173976000.0000  0.100000000000000      4.136101390966584E-02  2.541E-03  WETZTROPRESO    
 173976300.0000  0.100000000000000      4.175576202960338E-02  2.568E-03  WETZTROPRESO    
 173976600.0000  0.100000000000000      4.224238094311219E-02  2.547E-03  WETZTROPRESO    
 173976900.0000  0.100000000000000      4.286980333907135E-02  2.490E-03  WETZTROPRESO    
 173977200.0000  0.100000000000000      4.456981136618741E-02  2.470E-03  WETZTROPRESO    
 173977500.0000  0.100000000000000      4.466042842572541E-02  3.018E-03  WETZTROPRESO    
 173977800.0000  0.100000000000000      4.454855739820915E-02  3.054E-03  WETZTROPRESO    
 173978100.0000  0.100000000000000      4.458107145080507E-02  2.586E-03  WETZTROPRESO    
 173978400.0000  0.100000000000000      4.431986129961856E-02  2.623E-03  WETZTROPRESO    
 173978700.0000  0.100000000000000      4.195046121108361E-02  2.696E-03  WETZTROPRESO    
 173979000.0000  0.100000000000000      4.300036011323777E-02  2.695E-03  WETZTROPRESO    
 173979300.0000  0.100000000000000      4.301863321427706E-02  2.487E-03  WETZTROPRESO    
 173979600.0000  0.100000000000000      4.406661581237969E-02  2.533E-03  WETZTROPRESO    
 173979900.0000  0.100000000000000      4.302841876468009E-02  2.554E-03  WETZTROPRESO    
 173980200.0000  0.100000000000000      4.220824625724456E-02  2.497E-03  WETZTROPRESO    
 173980500.0000  0.100000000000000      4.194350538703659E-02  2.373E-03  WETZTROPRESO    
 173980800.0000  0.100000000000000      4.023300275379907E-02  2.291E-03  WETZTROPRESO    
 173981100.0000  0.100000000000000      4.007715840464261E-02  2.342E-03  WETZTROPRESO    
 173981400.0000  0.100000000000000      4.046000919371533E-02  2.682E-03  WETZTROPRESO    
 173981700.0000  0.100000000000000      4.048188031541063E-02  2.295E-03  WETZTROPRESO    
 173982000.0000  0.100000000000000      4.195956318404977E-02  2.528E-03  WETZTROPRESO    
 173982300.0000  0.100000000000000      4.147390817787956E-02  2.955E-03  WETZTROPRESO    
 173982600.0000  0.100000000000000      4.058234331848922E-02  2.835E-03  WETZTROPRESO    
 173982900.0000  0.100000000000000      4.127830709685369E-02  2.572E-03  WETZTROPRESO    
 173983200.0000  0.100000000000000      3.973445375098162E-02  2.644E-03  WETZTROPRESO    
 173983500.0000  0.100000000000000      4.014111625520630E-02  2.660E-03  WETZTROPRESO    
 173983800.0000  0.100000000000000      4.147464193584362E-02  2.515E-03  WETZTROPRESO    
 173984100.0000  0.100000000000000      4.041260200248695E-02  2.310E-03  WETZTROPRESO    
 173984400.0000  0.100000000000000      4.083204118951982E-02  2.066E-03  WETZTROPRESO    
 173984700.0000  0.100000000000000      4.044080887237229E-02  1.847E-03  WETZTROPRESO    
 173985000.0000  0.100000000000000      4.195439249898997E-02  2.159E-03  WETZTROPRESO    
 173985300.0000  0.100000000000000      4.085212139109960E-02  2.133E-03  WETZTROPRESO    
 173985600.0000  0.100000000000000      3.902608314507364E-02  2.297E-03  WETZTROPRESO    
 173985900.0000  0.100000000000000      3.753320165007612E-02  2.050E-03  WETZTROPRESO    
 173986200.0000  0.100000000000000      3.978272532763638E-02  2.024E-03  WETZTROPRESO    
 173986500.0000  0.100000000000000      3.928022204248559E-02  2.396E-03  WETZTROPRESO    
 173986800.0000  0.100000000000000      3.932880871705247E-02  2.300E-03  WETZTROPRESO    
 173987100.0000  0.100000000000000      3.798166393699313E-02  2.400E-03  WETZTROPRESO    
 173987400.0000  0.100000000000000      3.697795319136764E-02  2.460E-03  WETZTROPRESO    
 173987700.0000  0.100000000000000      3.629944316722436E-02  2.445E-03  WETZTROPRESO    
 173988000.0000  0.100000000000000      3.915777870247755E-02  2.350E-03  WETZTROPRESO    
 173988300.0000  0.100000000000000      4.215488755884453E-02  2.170E-03  WETZTROPRESO    
 173988600.0000  0.100000000000000      4.111027411274496E-02  2.055E-03  WETZTROPRESO    
 173988900.0000  0.100000000000000      3.844264605628381E-02  2.159E-03  WETZTROPRESO    
 173989200.0000  0.100000000000000      3.895433461295857E-02  1.970E-03  WETZTROPRESO    
 173989500.0000  0.100000000000000      4.046012526866988E-02  2.155E-03  WETZTROPRESO    
 173989800.0000  0.100000000000000      4.283796834193811E-02  2.244E-03  WETZTROPRESO    
 173990100.0000  0.100000000000000      4.274196751876803E-02  1.832E-03  WETZTROPRESO    
 173990400.0000  0.100000000000000      4.109295413631173E-02  2.017E-03  WETZTROPRESO    
 173990700.0000  0.100000000000000      3.990269637942602E-02  2.221E-03  WETZTROPRESO    
 173991000.0000  0.100000000000000      4.123751425564826E-02  2.364E-03  WETZTROPRESO    
 173991300.0000  0.100000000000000      4.149232110411342E-02  2.422E-03  WETZTROPRESO    
 173991600.0000  0.100000000000000      4.343504533432205E-02  2.442E-03  WETZTROPRESO    
 173991900.0000  0.100000000000000      4.299305894977638E-02  2.754E-03  WETZTROPRESO    
 173992200.0000  0.100000000000000      4.334672440771786E-02  2.824E-03  WETZTROPRESO    
 173992500.0000  0.100000000000000      4.291055797187288E-02  2.765E-03  WETZTROPRESO    
 173992800.0000  0.100000000000000      4.112476525237534E-02  2.633E-03  WETZTROPRESO    
 173993100.0000  0.100000000000000      4.139389118987134E-02  2.505E-03  WETZTROPRESO    
 173993400.0000  0.100000000000000      4.174511161558483E-02  2.783E-03  WETZTROPRESO    
 173993700.0000  0.100000000000000      4.237066428620820E-02  2.393E-03  WETZTROPRESO    
 173994000.0000  0.100000000000000      4.338843874064145E-02  2.495E-03  WETZTROPRESO    
 173994300.0000  0.100000000000000      4.414325206095610E-02  2.597E-03  WETZTROPRESO    
 173994600.0000  0.100000000000000      4.410725939265964E-02  2.657E-03  WETZTROPRESO    
 173994900.0000  0.100000000000000      4.448487984599942E-02  2.212E-03  WETZTROPRESO    
 173995200.0000  0.100000000000000      4.388431172177536E-02  2.216E-03  WETZTROPRESO    
 173995500.0000  0.100000000000000      4.361109722369497E-02  2.167E-03  WETZTROPRESO    
 173995800.0000  0.100000000000000      4.317683900023114E-02  2.062E-03  WETZTROPRESO    
 173996100.0000  0.100000000000000      4.276018233472766E-02  2.367E-03  WETZTROPRESO    
 173996400.0000  0.100000000000000      4.413793563410003E-02  2.586E-03  WETZTROPRESO    
 173996700.0000  0.100000000000000      4.575402875187593E-02  2.700E-03  WETZTROPRESO    
 173997000.0000  0.100000000000000      4.481303304045658E-02  2.622E-03  WETZTROPRESO    
 173997300.0000  0.100000000000000      4.479723160123583E-02  2.773E-03  WETZTROPRESO    
 173997600.0000  0.100000000000000      4.538490986883779E-02  2.490E-03  WETZTROPRESO    
 173997900.0000  0.100000000000000      4.485667065135063E-02  2.572E-03  WETZTROPRESO    
 173998200.0000  0.100000000000000      4.632861327175893E-02  2.649E-03  WETZTROPRESO    
 173998500.0000  0.100000000000000      4.560434113050693E-02  2.657E-03  WETZTROPRESO    
 173998800.0000  0.100000000000000      4.563639321118203E-02  2.584E-03  WETZTROPRESO    
 173999100.0000  0.100000000000000      4.463687047989239E-02  2.443E-03  WETZTROPRESO    
 173999400.0000  0.100000000000000      4.467141396277527E-02  2.299E-03  WETZTROPRESO    
 173999700.0000  0.100000000000000      4.644116963338599E-02  2.505E-03  WETZTROPRESO    
 174000000.0000  0.100000000000000      4.571058663428679E-02  2.407E-03  WETZTROPRESO    
 174000300.0000  0.100000000000000      4.709134814597940E-02  2.046E-03  WETZTROPRESO    
 174000600.0000  0.100000000000000      4.607417366195292E-02  1.974E-03  WETZTROPRESO    
 174000900.0000  0.100000000000000      4.734807717730693E-02  2.275E-03  WETZTROPRESO    
 174001200.0000  0.100000000000000      4.890266463636746E-02  2.233E-03  WETZTROPRESO    
 174001500.0000  0.100000000000000      4.971954076590906E-02  2.151E-03  WETZTROPRESO    
 174001800.0000  0.100000000000000      4.985349997537655E-02  2.548E-03  WETZTROPRESO    
 174002100.0000  0.100000000000000      5.095275411319391E-02  2.291E-03  WETZTROPRESO    
 174002400.0000  0.100000000000000      5.197304606776688E-02  2.506E-03  WETZTROPRESO    
 174002700.0000  0.100000000000000      5.236858829648149E-02  2.713E-03  WETZTROPRESO    
 174003000.0000  0.100000000000000      5.231936003069754E-02  2.851E-03  WETZTROPRESO    
 174003300.0000  0.100000000000000      5.279457380324088E-02  2.895E-03  WETZTROPRESO    
 174003600.0000  0.100000000000000      5.273792387879701E-02  2.854E-03  WETZTROPRESO    
 174003900.0000  0.100000000000000      5.113296709930973E-02  2.822E-03  WETZTROPRESO    
 174004200.0000  0.100000000000000      5.236584195660776E-02  3.171E-03  WETZTROPRESO    
 174004500.0000  0.100000000000000      5.372672580255038E-02  3.273E-03  WETZTROPRESO    
 174004800.0000  0.100000000000000      5.490061381553209E-02  3.268E-03  WETZTROPRESO    
 174005100.0000  0.100000000000000      5.577771204842606E-02  3.286E-03  WETZTROPRESO    
 174005400.0000  0.100000000000000      5.657121839573467E-02  3.094E-03  WETZTROPRESO    
 174005700.0000  0.100000000000000      5.754639699610485E-02  2.694E-03  WETZTROPRESO    
 174006000.0000  0.100000000000000      5.652205763078214E-02  2.628E-03  WETZTROPRESO    
 174006300.0000  0.100000000000000      5.629731311927195E-02  2.325E-03  WETZTROPRESO    
 174006600.0000  0.100000000000000      5.441161800780061E-02  2.167E-03  WETZTROPRESO    
 174006900.0000  0.100000000000000      5.460468652392615E-02  2.481E-03  WETZTROPRESO    
 174007200.0000  0.100000000000000      5.400783249838751E-02  2.482E-03  WETZTROPRESO    
 174007500.0000  0.100000000000000      5.179919126823699E-02  2.335E-03  WETZTROPRESO    
 174007800.0000  0.100000000000000      5.148646870470846E-02  2.012E-03  WETZTROPRESO    
 174008100.0000  0.100000000000000      5.159422737275519E-02  1.921E-03  WETZTROPRESO    
 174008400.0000  0.100000000000000      5.254084492080596E-02  2.134E-03  WETZTROPRESO    
 174008700.0000  0.100000000000000      5.321829909644538E-02  2.147E-03  WETZTROPRESO    
 174009000.0000  0.100000000000000      5.058395910689779E-02  2.351E-03  WETZTROPRESO    
 174009300.0000  0.100000000000000      4.850815067025348E-02  2.575E-03  WETZTROPRESO    
 174009600.0000  0.100000000000000      5.060754094136742E-02  2.757E-03  WETZTROPRESO    
 174009900.0000  0.100000000000000      5.021556382093588E-02  2.854E-03  WETZTROPRESO    
 174010200.0000  0.100000000000000      5.021247731281353E-02  2.792E-03  WETZTROPRESO    
 174010500.0000  0.100000000000000      5.052889413438879E-02  2.391E-03  WETZTROPRESO    
 174010800.0000  0.100000000000000      5.258067560353653E-02  2.456E-03  WETZTROPRESO    
 174011100.0000  0.100000000000000      5.293164021883926E-02  2.495E-03  WETZTROPRESO    
 174011400.0000  0.100000000000000      5.332164955455667E-02  2.432E-03  WETZTROPRESO    
 174011700.0000  0.100000000000000      5.224529928742030E-02  2.279E-03  WETZTROPRESO    
 174012000.0000  0.100000000000000      5.284201310478555E-02  2.094E-03  WETZTROPRESO    
 174012300.0000  0.100000000000000      5.378613591571983E-02  1.850E-03  WETZTROPRESO    
 174012600.0000  0.100000000000000      5.271337103435643E-02  2.108E-03  WETZTROPRESO    
 174012900.0000  0.100000000000000      5.365032831170377E-02  2.131E-03  WETZTROPRESO    
 174013200.0000  0.100000000000000      5.432898299823136E-02  2.372E-03  WETZTROPRESO    
 174013500.0000  0.100000000000000      5.318125843450196E-02  2.602E-03  WETZTROPRESO    
 174013800.0000  0.100000000000000      5.263896471809723E-02  2.714E-03  WETZTROPRESO    
 174014100.0000  0.100000000000000      5.372139220551657E-02  2.515E-03  WETZTROPRESO    
 174014400.0000  0.100000000000000      5.294222218092916E-02  2.359E-03  WETZTROPRESO    
 174014700.0000  0.100000000000000      5.026281454495453E-02  2.513E-03  WETZTROPRESO    
 174015000.0000  0.100000000000000      5.055850210268347E-02  2.637E-03  WETZTROPRESO    
 174015300.0000  0.100000000000000      5.203280397889989E-02  2.659E-03  WETZTROPRESO    
 174015600.0000  0.100000000000000      5.303428975645032E-02  2.580E-03  WETZTROPRESO    
 174015900.0000  0.100000000000000      5.319122427782911E-02  2.479E-03  WETZTROPRESO    
 174016200.0000  0.100000000000000      5.349116693223581E-02  2.767E-03  WETZTROPRESO    
 174016500.0000  0.100000000000000      5.317337440946372E-02  2.739E-03  WETZTROPRESO    
 174016800.0000  0.100000000000000      5.248687258722579E-02  2.541E-03  WETZTROPRESO    
 174017100.0000  0.100000000000000      5.071835638917561E-02  2.119E-03  WETZTROPRESO    
 174017400.0000  0.100000000000000      5.051416499002818E-02  2.051E-03  WETZTROPRESO    
 174017700.0000  0.100000000000000      5.135114374462325E-02  2.231E-03  WETZTROPRESO    
 174018000.0000  0.100000000000000      5.192920517757334E-02  2.166E-03  WETZTROPRESO    
 174018300.0000  0.100000000000000      5.516985222261968E-02  1.884E-03  WETZTROPRESO    
 174018600.0000  0.100000000000000      5.817330309536128E-02  2.169E-03  WETZTROPRESO    
 174018900.0000  0.100000000000000      5.851502614778092E-02  2.297E-03  WETZTROPRESO    
 174019200.0000  0.100000000000000      5.666017249242530E-02  2.349E-03  WETZTROPRESO    
 174019500.0000  0.100000000000000      5.798830478313399E-02  2.401E-03  WETZTROPRESO    
 174019800.0000  0.100000000000000      5.747435278068758E-02  2.853E-03  WETZTROPRESO    
 174020100.0000  0.100000000000000      5.710598605901836E-02  2.873E-03  WETZTROPRESO    
 174020400.0000  0.100000000000000      5.662205206755291E-02  2.396E-03  WETZTROPRESO    
 174020700.0000  0.100000000000000      5.580283878615386E-02  2.480E-03  WETZTROPRESO    
 174021000.0000  0.100000000000000      5.563951239324912E-02  2.607E-03  WETZTROPRESO    
 174021300.0000  0.100000000000000      5.497272556822962E-02  2.711E-03  WETZTROPRESO    
 174021600.0000  0.100000000000000      5.492829283855055E-02  2.766E-03  WETZTROPRESO    
 174021900.0000  0.100000000000000      5.542801712193610E-02  2.746E-03  WETZTROPRESO    
 174022200.0000  0.100000000000000      5.658408235463190E-02  2.605E-03  WETZTROPRESO    
 174022500.0000  0.100000000000000      5.502419171618480E-02  2.204E-03  WETZTROPRESO    
 174022800.0000  0.100000000000000      5.526981857393844E-02  2.195E-03  WETZTROPRESO    
 174023100.0000  0.100000000000000      5.745338326351941E-02  2.234E-03  WETZTROPRESO    
 174023400.0000  0.100000000000000      5.794446817590933E-02  2.662E-03  WETZTROPRESO    
 174023700.0000  0.100000000000000      5.824960386964285E-02  2.835E-03  WETZTROPRESO    
 174024000.0000  0.100000000000000      5.864782191675946E-02  2.993E-03  WETZTROPRESO    
 174024300.0000  0.100000000000000      5.921941750064652E-02  2.974E-03  WETZTROPRESO    
 174024600.0000  0.100000000000000      6.115921271471136E-02  2.775E-03  WETZTROPRESO    
 174024900.0000  0.100000000000000      6.163807331753175E-02  2.488E-03  WETZTROPRESO    
 174025200.0000  0.100000000000000      6.108762522086467E-02  2.675E-03  WETZTROPRESO    
 174025500.0000  0.100000000000000      6.165867850252431E-02  2.437E-03  WETZTROPRESO    
 174025800.0000  0.100000000000000      6.045990087878577E-02  2.226E-03  WETZTROPRESO    
 174026100.0000  0.100000000000000      6.138167409740058E-02  2.138E-03  WETZTROPRESO    
 174026400.0000  0.100000000000000      6.275387177999708E-02  2.176E-03  WETZTROPRESO    
 174026700.0000  0.100000000000000      6.367412870663097E-02  2.503E-03  WETZTROPRESO    
 174027000.0000  0.100000000000000      6.723182153062345E-02  2.643E-03  WETZTROPRESO    
 174027300.0000  0.100000000000000      6.854306738082051E-02  2.953E-03  WETZTROPRESO    
 174027600.0000  0.100000000000000      7.027091382876259E-02  3.023E-03  WETZTROPRESO    
 174027900.0000  0.100000000000000      7.163053554885739E-02  2.956E-03  WETZTROPRESO    
 174028200.0000  0.100000000000000      7.400841649779999E-02  2.808E-03  WETZTROPRESO    
 174028500.0000  0.100000000000000      7.573428661730172E-02  2.667E-03  WETZTROPRESO    
 174028800.0000  0.100000000000000      7.746449576465597E-02  2.676E-03  WETZTROPRESO    
 174029100.0000  0.100000000000000      7.605095936093206E-02  2.191E-03  WETZTROPRESO    
 174029400.0000  0.100000000000000      7.483577108603311E-02  2.130E-03  WETZTROPRESO    
 174029700.0000  0.100000000000000      7.555850683953562E-02  1.904E-03  WETZTROPRESO    
 174030000.0000  0.100000000000000      7.973135125054444E-02  1.935E-03  WETZTROPRESO    
 174030300.0000  0.100000000000000      7.668153790290136E-02  2.120E-03  WETZTROPRESO    
 174030600.0000  0.100000000000000      7.553761136537550E-02  1.941E-03  WETZTROPRESO    
 174030900.0000  0.100000000000000      7.680903922820609E-02  1.957E-03  WETZTROPRESO    
 174031200.0000  0.100000000000000      7.729327339155678E-02  2.333E-03  WETZTROPRESO    
 174031500.0000  0.100000000000000      7.725821621606603E-02  2.445E-03  WETZTROPRESO    
 174031800.0000  0.100000000000000      7.649242434560846E-02  2.462E-03  WETZTROPRESO    
 174032100.0000  0.100000000000000      7.670112352043448E-02  3.049E-03  WETZTROPRESO    
 174032400.0000  0.100000000000000      7.759508230563814E-02  3.329E-03  WETZTROPRESO    
 174032700.0000  0.100000000000000      7.837160395791407E-02  3.417E-03  WETZTROPRESO    
 174033000.0000  0.100000000000000      7.909445736367904E-02  3.317E-03  WETZTROPRESO    
 174033300.0000  0.100000000000000      8.015588097815785E-02  3.029E-03  WETZTROPRESO    
 174033600.0000  0.100000000000000      8.035654865678660E-02  2.251E-03  WETZTROPRESO    
 174033900.0000  0.100000000000000      8.096267222523292E-02  2.232E-03  WETZTROPRESO    
 174034200.0000  0.100000000000000      7.959925614725746E-02  2.084E-03  WETZTROPRESO    
 174034500.0000  0.100000000000000      8.169861487376737E-02  2.360E-03  WETZTROPRESO    
 174034800.0000  0.100000000000000      8.292958808078919E-02  2.385E-03  WETZTROPRESO    
 174035100.0000  0.100000000000000      8.527165904928162E-02  2.391E-03  WETZTROPRESO    
 174035400.0000  0.100000000000000      8.650859849908711E-02  2.328E-03  WETZTROPRESO    
 174035700.0000  0.100000000000000      8.865301406450105E-02  2.494E-03  WETZTROPRESO    
 174036000.0000  0.100000000000000      8.805215502132105E-02  2.673E-03  WETZTROPRESO    
 174036300.0000  0.100000000000000      8.811334063686843E-02  2.589E-03  WETZTROPRESO    
 174036600.0000  0.100000000000000      8.863849164813242E-02  2.591E-03  WETZTROPRESO    
 174036900.0000  0.100000000000000      9.017818081739221E-02  2.519E-03  WETZTROPRESO    
 174037200.0000  0.100000000000000      8.786604376845428E-02  2.478E-03  WETZTROPRESO    
 174037500.0000  0.100000000000000      8.906920107342320E-02  2.926E-03  WETZTROPRESO    
 174037800.0000  0.100000000000000      8.946256458683007E-02  3.006E-03  WETZTROPRESO    
 174038100.0000  0.100000000000000      8.774884795381456E-02  2.641E-03  WETZTROPRESO    
 174038400.0000  0.100000000000000      8.928967196837564E-02  2.694E-03  WETZTROPRESO    
 174038700.0000  0.100000000000000      9.203188603858807E-02  2.672E-03  WETZTROPRESO    
 174039000.0000  0.100000000000000      9.267350700214350E-02  2.951E-03  WETZTROPRESO    
 174039300.0000  0.100000000000000      9.393036515847400E-02  3.003E-03  WETZTROPRESO    
 174039600.0000  0.100000000000000      9.362767254870304E-02  3.120E-03  WETZTROPRESO    
 174039900.0000  0.100000000000000      9.419099830111677E-02  3.033E-03  WETZTROPRESO    
 174040200.0000  0.100000000000000      9.454529764028792E-02  2.617E-03  WETZTROPRESO    
 174040500.0000  0.100000000000000      9.550417685220464E-02  2.665E-03  WETZTROPRESO    
 174040800.0000  0.100000000000000      9.418515897458909E-02  2.758E-03  WETZTROPRESO    
 174041100.0000  0.100000000000000      9.376925132213190E-02  2.811E-03  WETZTROPRESO    
 174041400.0000  0.100000000000000      9.411954097746728E-02  2.798E-03  WETZTROPRESO    
 174041700.0000  0.100000000000000      9.358061550704279E-02  2.706E-03  WETZTROPRESO    
 174042000.0000  0.100000000000000      9.314761158630586E-02  2.522E-03  WETZTROPRESO    
 174042300.0000  0.100000000000000      9.389182332313166E-02  2.128E-03  WETZTROPRESO    
 174042600.0000  0.100000000000000      9.521248881158054E-02  2.103E-03  WETZTROPRESO    
 174042900.0000  0.100000000000000      9.455482831905093E-02  2.237E-03  WETZTROPRESO    
 174043200.0000  0.100000000000000      9.529408713643897E-02  2.377E-03  WETZTROPRESO    
 174043500.0000  0.100000000000000      9.474683977846639E-02  2.489E-03  WETZTROPRESO    
 174043800.0000  0.100000000000000      9.562163960510912E-02  2.519E-03  WETZTROPRESO    
 174044100.0000  0.100000000000000      9.539395689287397E-02  2.309E-03  WETZTROPRESO    
 174044400.0000  0.100000000000000      9.565039836952664E-02  2.413E-03  WETZTROPRESO    
 174044700.0000  0.100000000000000      9.379968585356714E-02  2.417E-03  WETZTROPRESO    
 174045000.0000  0.100000000000000      9.535118040281770E-02  2.484E-03  WETZTROPRESO    
 174045300.0000  0.100000000000000      9.625107506145278E-02  2.473E-03  WETZTROPRESO    
 174045600.0000  0.100000000000000      9.544798087490190E-02  2.427E-03  WETZTROPRESO    
 174045900.0000  0.100000000000000      9.621810017870065E-02  2.803E-03  WETZTROPRESO    
 174046200.0000  0.100000000000000      9.655933249739340E-02  2.833E-03  WETZTROPRESO    
 174046500.0000  0.100000000000000      9.664507927473967E-02  2.691E-03  WETZTROPRESO    
 174046800.0000  0.100000000000000      9.704779632426998E-02  2.490E-03  WETZTROPRESO    
 174047100.0000  0.100000000000000      9.870096806137336E-02  2.408E-03  WETZTROPRESO    
 174047400.0000  0.100000000000000      9.995956183844625E-02  2.227E-03  WETZTROPRESO    
 174047700.0000  0.100000000000000      9.896065089749143E-02  2.637E-03  WETZTROPRESO    
 174048000.0000  0.100000000000000      9.417554805575459E-02  2.672E-03  WETZTROPRESO    
 174048300.0000  0.100000000000000      9.479428731933684E-02  2.589E-03  WETZTROPRESO    
 174048600.0000  0.100000000000000      9.673931058917185E-02  2.639E-03  WETZTROPRESO    
 174048900.0000  0.100000000000000      9.677836164903200E-02  2.545E-03  WETZTROPRESO    
 174049200.0000  0.100000000000000      9.825365154889669E-02  2.990E-03  WETZTROPRESO    
 174049500.0000  0.100000000000000      9.989652960160594E-02  2.956E-03  WETZTROPRESO    
 174049800.0000  0.100000000000000      0.102337473262303      2.472E-03  WETZTROPRESO    
 174050100.0000  0.100000000000000      0.101851967355228      2.367E-03  WETZTROPRESO    
 174050400.0000  0.100000000000000      0.100407315284489      2.548E-03  WETZTROPRESO    
 174050700.0000  0.100000000000000      0.100864662244764      2.773E-03  WETZTROPRESO    
 174051000.0000  0.100000000000000      0.102163726798264      3.213E-03  WETZTROPRESO    
 174051300.0000  0.100000000000000      0.102233310396492      3.460E-03  WETZTROPRESO    
 174051600.0000  0.100000000000000      0.103125494304366      3.541E-03  WETZTROPRESO    
 174051900.0000  0.100000000000000      0.101968696407518      3.491E-03  WETZTROPRESO    
 174052200.0000  0.100000000000000      0.103386169716668      3.393E-03  WETZTROPRESO    
 174052500.0000  0.100000000000000      0.102165854696459      3.458E-03  WETZTROPRESO    
