 173448000.0000  0.100000000000000      0.102536058021290      4.041E-03  WETZTROPMDO1    
 173448300.0000  0.100000000000000      0.103788153871356      3.886E-03  WETZTROPMDO1    
 173448600.0000  0.100000000000000      0.104950864986382      3.884E-03  WETZTROPMDO1    
 173448900.0000  0.100000000000000      0.105996697486071      3.961E-03  WETZTROPMDO1    
 173449200.0000  0.100000000000000      0.107198307399295      4.060E-03  WETZTROPMDO1    
 173449500.0000  0.100000000000000      0.108934838675020      4.147E-03  WETZTROPMDO1    
 173449800.0000  0.100000000000000      0.110495066900558      4.202E-03  WETZTROPMDO1    
 173450100.0000  0.100000000000000      0.111866489678160      4.216E-03  WETZTROPMDO1    
 173450400.0000  0.100000000000000      0.113277561986547      4.199E-03  WETZTROPMDO1    
 173450700.0000  0.100000000000000      0.113810500140487      4.207E-03  WETZTROPMDO1    
 173451000.0000  0.100000000000000      0.113789989181302      4.155E-03  WETZTROPMDO1    
 173451300.0000  0.100000000000000      0.113862901815455      4.092E-03  WETZTROPMDO1    
 173451600.0000  0.100000000000000      0.115393107468393      4.138E-03  WETZTROPMDO1    
 173451900.0000  0.100000000000000      0.116814443622884      3.972E-03  WETZTROPMDO1    
 173452200.0000  0.100000000000000      0.118305492253797      3.539E-03  WETZTROPMDO1    
 173452500.0000  0.100000000000000      0.120201504044621      3.509E-03  WETZTROPMDO1    
 173452800.0000  0.100000000000000      0.120743987581149      3.567E-03  WETZTROPMDO1    
 173453100.0000  0.100000000000000      0.120989319041697      3.631E-03  WETZTROPMDO1    
 173453400.0000  0.100000000000000      0.121580927102985      3.638E-03  WETZTROPMDO1    
 173453700.0000  0.100000000000000      0.122980166670232      3.501E-03  WETZTROPMDO1    
 173454000.0000  0.100000000000000      0.124185923254953      3.581E-03  WETZTROPMDO1    
 173454300.0000  0.100000000000000      0.125470098309905      3.718E-03  WETZTROPMDO1    
 173454600.0000  0.100000000000000      0.126490564388959      3.876E-03  WETZTROPMDO1    
 173454900.0000  0.100000000000000      0.125829880938117      4.041E-03  WETZTROPMDO1    
 173455200.0000  0.100000000000000      0.125361922557507      4.202E-03  WETZTROPMDO1    
 173455500.0000  0.100000000000000      0.125397592286010      4.349E-03  WETZTROPMDO1    
 173455800.0000  0.100000000000000      0.125479275753951      4.465E-03  WETZTROPMDO1    
 173456100.0000  0.100000000000000      0.125873754351945      4.529E-03  WETZTROPMDO1    
 173456400.0000  0.100000000000000      0.126089493544830      4.524E-03  WETZTROPMDO1    
 173456700.0000  0.100000000000000      0.126296898303854      4.427E-03  WETZTROPMDO1    
 173457000.0000  0.100000000000000      0.126957500391172      4.215E-03  WETZTROPMDO1    
 173457300.0000  0.100000000000000      0.127743062118747      3.844E-03  WETZTROPMDO1    
 173457600.0000  0.100000000000000      0.128322859115444      3.818E-03  WETZTROPMDO1    
 173457900.0000  0.100000000000000      0.127990050353850      3.944E-03  WETZTROPMDO1    
 173458200.0000  0.100000000000000      0.127951392664943      3.997E-03  WETZTROPMDO1    
 173458500.0000  0.100000000000000      0.127661824298027      4.157E-03  WETZTROPMDO1    
 173458800.0000  0.100000000000000      0.127164246554295      4.217E-03  WETZTROPMDO1    
 173459100.0000  0.100000000000000      0.125927000716200      4.021E-03  WETZTROPMDO1    
 173459400.0000  0.100000000000000      0.125525253431714      3.919E-03  WETZTROPMDO1    
 173459700.0000  0.100000000000000      0.123435461391839      3.653E-03  WETZTROPMDO1    
 173460000.0000  0.100000000000000      0.121408809703526      3.801E-03  WETZTROPMDO1    
 173460300.0000  0.100000000000000      0.119282029195679      3.667E-03  WETZTROPMDO1    
 173460600.0000  0.100000000000000      0.118099880747235      3.641E-03  WETZTROPMDO1    
 173460900.0000  0.100000000000000      0.117239822984603      3.633E-03  WETZTROPMDO1    
 173461200.0000  0.100000000000000      0.116300512313707      3.607E-03  WETZTROPMDO1    
 173461500.0000  0.100000000000000      0.115839187007597      3.561E-03  WETZTROPMDO1    
 173461800.0000  0.100000000000000      0.115868783090948      3.518E-03  WETZTROPMDO1    
 173462100.0000  0.100000000000000      0.116862263592809      3.546E-03  WETZTROPMDO1    
 173462400.0000  0.100000000000000      0.117384839631192      3.174E-03  WETZTROPMDO1    
 173462700.0000  0.100000000000000      0.116496836175475      2.931E-03  WETZTROPMDO1    
 173463000.0000  0.100000000000000      0.114962339786597      2.718E-03  WETZTROPMDO1    
 173463300.0000  0.100000000000000      0.114089732924644      2.480E-03  WETZTROPMDO1    
 173463600.0000  0.100000000000000      0.110621830924046      2.943E-03  WETZTROPMDO1    
 173463900.0000  0.100000000000000      0.111120460105186      3.258E-03  WETZTROPMDO1    
 173464200.0000  0.100000000000000      0.113508728306516      3.511E-03  WETZTROPMDO1    
 173464500.0000  0.100000000000000      0.115592426666923      3.723E-03  WETZTROPMDO1    
 173464800.0000  0.100000000000000      0.117194470861669      3.889E-03  WETZTROPMDO1    
 173465100.0000  0.100000000000000      0.117974661798571      4.023E-03  WETZTROPMDO1    
 173465400.0000  0.100000000000000      0.117989807342179      4.110E-03  WETZTROPMDO1    
 173465700.0000  0.100000000000000      0.118020403854287      4.134E-03  WETZTROPMDO1    
 173466000.0000  0.100000000000000      0.118317452951658      4.075E-03  WETZTROPMDO1    
 173466300.0000  0.100000000000000      0.118038632588319      3.901E-03  WETZTROPMDO1    
 173466600.0000  0.100000000000000      0.117090907626060      3.558E-03  WETZTROPMDO1    
 173466900.0000  0.100000000000000      0.115209055657784      2.904E-03  WETZTROPMDO1    
 173467200.0000  0.100000000000000      0.116847370096369      2.882E-03  WETZTROPMDO1    
 173467500.0000  0.100000000000000      0.116416531757195      2.966E-03  WETZTROPMDO1    
 173467800.0000  0.100000000000000      0.116138943336019      3.044E-03  WETZTROPMDO1    
 173468100.0000  0.100000000000000      0.116601040632285      3.081E-03  WETZTROPMDO1    
 173468400.0000  0.100000000000000      0.117482140447913      3.060E-03  WETZTROPMDO1    
 173468700.0000  0.100000000000000      0.118073325805266      2.980E-03  WETZTROPMDO1    
 173469000.0000  0.100000000000000      0.118174793781863      2.856E-03  WETZTROPMDO1    
 173469300.0000  0.100000000000000      0.118731574441439      2.736E-03  WETZTROPMDO1    
 173469600.0000  0.100000000000000      0.121079696526486      2.811E-03  WETZTROPMDO1    
 173469900.0000  0.100000000000000      0.120197244183651      3.240E-03  WETZTROPMDO1    
 173470200.0000  0.100000000000000      0.119528027847775      3.208E-03  WETZTROPMDO1    
 173470500.0000  0.100000000000000      0.119087202961777      2.696E-03  WETZTROPMDO1    
 173470800.0000  0.100000000000000      0.117485468785472      3.210E-03  WETZTROPMDO1    
 173471100.0000  0.100000000000000      0.116021261881889      3.023E-03  WETZTROPMDO1    
 173471400.0000  0.100000000000000      0.116393631250250      3.077E-03  WETZTROPMDO1    
 173471700.0000  0.100000000000000      0.115246614986601      3.076E-03  WETZTROPMDO1    
 173472000.0000  0.100000000000000      0.114474648022212      2.831E-03  WETZTROPMDO1    
 173472300.0000  0.100000000000000      0.112151326344755      2.944E-03  WETZTROPMDO1    
 173472600.0000  0.100000000000000      0.107775040626150      3.121E-03  WETZTROPMDO1    
 173472900.0000  0.100000000000000      0.107106857328251      3.416E-03  WETZTROPMDO1    
 173473200.0000  0.100000000000000      0.108003772356617      3.660E-03  WETZTROPMDO1    
 173473500.0000  0.100000000000000      0.108164902199388      3.866E-03  WETZTROPMDO1    
 173473800.0000  0.100000000000000      0.107438982298791      4.030E-03  WETZTROPMDO1    
 173474100.0000  0.100000000000000      0.107062820548197      4.148E-03  WETZTROPMDO1    
 173474400.0000  0.100000000000000      0.106773083038672      4.190E-03  WETZTROPMDO1    
 173474700.0000  0.100000000000000      0.106396129975786      4.129E-03  WETZTROPMDO1    
 173475000.0000  0.100000000000000      0.105920036101452      3.942E-03  WETZTROPMDO1    
 173475300.0000  0.100000000000000      0.105250150835596      3.588E-03  WETZTROPMDO1    
 173475600.0000  0.100000000000000      0.104347361893635      2.949E-03  WETZTROPMDO1    
 173475900.0000  0.100000000000000      0.104556536847387      2.918E-03  WETZTROPMDO1    
 173476200.0000  0.100000000000000      0.104278006767946      2.990E-03  WETZTROPMDO1    
 173476500.0000  0.100000000000000      0.103780659387867      3.065E-03  WETZTROPMDO1    
 173476800.0000  0.100000000000000      0.102948696290490      3.120E-03  WETZTROPMDO1    
 173477100.0000  0.100000000000000      0.103109544773793      3.153E-03  WETZTROPMDO1    
 173477400.0000  0.100000000000000      0.103186859612870      3.194E-03  WETZTROPMDO1    
 173477700.0000  0.100000000000000      0.102895089369636      3.037E-03  WETZTROPMDO1    
 173478000.0000  0.100000000000000      0.103068596041182      2.912E-03  WETZTROPMDO1    
 173478300.0000  0.100000000000000      0.104303911297669      2.791E-03  WETZTROPMDO1    
 173478600.0000  0.100000000000000      0.107879179435628      2.669E-03  WETZTROPMDO1    
 173478900.0000  0.100000000000000      0.108415192428215      2.555E-03  WETZTROPMDO1    
 173479200.0000  0.100000000000000      0.107006403150069      2.480E-03  WETZTROPMDO1    
 173479500.0000  0.100000000000000      0.106142780691137      2.696E-03  WETZTROPMDO1    
 173479800.0000  0.100000000000000      0.106943992377397      3.396E-03  WETZTROPMDO1    
 173480100.0000  0.100000000000000      0.107410139361143      3.650E-03  WETZTROPMDO1    
 173480400.0000  0.100000000000000      0.107801012084767      3.610E-03  WETZTROPMDO1    
 173480700.0000  0.100000000000000      0.107049161887855      3.578E-03  WETZTROPMDO1    
 173481000.0000  0.100000000000000      0.106357529542740      3.434E-03  WETZTROPMDO1    
 173481300.0000  0.100000000000000      0.105756784179385      3.410E-03  WETZTROPMDO1    
 173481600.0000  0.100000000000000      0.106087249952436      3.015E-03  WETZTROPMDO1    
 173481900.0000  0.100000000000000      0.104884461659117      2.981E-03  WETZTROPMDO1    
 173482200.0000  0.100000000000000      0.103011825467684      3.002E-03  WETZTROPMDO1    
 173482500.0000  0.100000000000000      0.102624847249634      3.002E-03  WETZTROPMDO1    
 173482800.0000  0.100000000000000      0.101670098977509      2.977E-03  WETZTROPMDO1    
 173483100.0000  0.100000000000000      0.100571887049310      2.984E-03  WETZTROPMDO1    
 173483400.0000  0.100000000000000      0.100165913534187      3.024E-03  WETZTROPMDO1    
 173483700.0000  0.100000000000000      9.918751131822913E-02  3.373E-03  WETZTROPMDO1    
 173484000.0000  0.100000000000000      9.832398950533996E-02  3.410E-03  WETZTROPMDO1    
 173484300.0000  0.100000000000000      9.782025652097905E-02  3.177E-03  WETZTROPMDO1    
 173484600.0000  0.100000000000000      9.735044712906865E-02  2.551E-03  WETZTROPMDO1    
 173484900.0000  0.100000000000000      9.573992613837451E-02  2.542E-03  WETZTROPMDO1    
 173485200.0000  0.100000000000000      9.608183585682516E-02  2.590E-03  WETZTROPMDO1    
 173485500.0000  0.100000000000000      9.661217699922750E-02  2.632E-03  WETZTROPMDO1    
 173485800.0000  0.100000000000000      9.539634091507730E-02  2.667E-03  WETZTROPMDO1    
 173486100.0000  0.100000000000000      9.457141680888509E-02  2.751E-03  WETZTROPMDO1    
 173486400.0000  0.100000000000000      9.493375445412393E-02  3.176E-03  WETZTROPMDO1    
 173486700.0000  0.100000000000000      9.714992745153493E-02  3.300E-03  WETZTROPMDO1    
 173487000.0000  0.100000000000000      9.873940275197103E-02  3.204E-03  WETZTROPMDO1    
 173487300.0000  0.100000000000000      9.787124513638377E-02  3.575E-03  WETZTROPMDO1    
 173487600.0000  0.100000000000000      9.735919514152962E-02  3.779E-03  WETZTROPMDO1    
 173487900.0000  0.100000000000000      9.697742598179324E-02  3.844E-03  WETZTROPMDO1    
 173488200.0000  0.100000000000000      9.666049406371408E-02  3.747E-03  WETZTROPMDO1    
 173488500.0000  0.100000000000000      9.697510609502205E-02  3.418E-03  WETZTROPMDO1    
 173488800.0000  0.100000000000000      9.775032696433573E-02  2.688E-03  WETZTROPMDO1    
 173489100.0000  0.100000000000000      9.551724101313117E-02  2.730E-03  WETZTROPMDO1    
 173489400.0000  0.100000000000000      9.489311010323370E-02  2.874E-03  WETZTROPMDO1    
 173489700.0000  0.100000000000000      9.677609145426753E-02  2.971E-03  WETZTROPMDO1    
 173490000.0000  0.100000000000000      9.582745801993654E-02  2.854E-03  WETZTROPMDO1    
 173490300.0000  0.100000000000000      9.534348954145336E-02  3.000E-03  WETZTROPMDO1    
 173490600.0000  0.100000000000000      9.379071501809294E-02  3.240E-03  WETZTROPMDO1    
 173490900.0000  0.100000000000000      9.263888904658688E-02  3.438E-03  WETZTROPMDO1    
 173491200.0000  0.100000000000000      9.357312707926418E-02  3.595E-03  WETZTROPMDO1    
 173491500.0000  0.100000000000000      9.384247849561789E-02  3.691E-03  WETZTROPMDO1    
 173491800.0000  0.100000000000000      9.335976881630734E-02  3.707E-03  WETZTROPMDO1    
 173492100.0000  0.100000000000000      9.352346159629682E-02  3.637E-03  WETZTROPMDO1    
 173492400.0000  0.100000000000000      9.397328925467238E-02  3.373E-03  WETZTROPMDO1    
 173492700.0000  0.100000000000000      9.278223536868677E-02  3.367E-03  WETZTROPMDO1    
 173493000.0000  0.100000000000000      9.305041476557629E-02  3.382E-03  WETZTROPMDO1    
 173493300.0000  0.100000000000000      9.438484136846345E-02  3.371E-03  WETZTROPMDO1    
 173493600.0000  0.100000000000000      9.378249793162487E-02  3.444E-03  WETZTROPMDO1    
 173493900.0000  0.100000000000000      9.264177827790782E-02  3.342E-03  WETZTROPMDO1    
 173494200.0000  0.100000000000000      9.281180885878738E-02  3.113E-03  WETZTROPMDO1    
 173494500.0000  0.100000000000000      9.311300344508638E-02  3.013E-03  WETZTROPMDO1    
 173494800.0000  0.100000000000000      9.313250734469312E-02  2.843E-03  WETZTROPMDO1    
 173495100.0000  0.100000000000000      9.286839987434461E-02  2.708E-03  WETZTROPMDO1    
 173495400.0000  0.100000000000000      9.351326283795607E-02  3.159E-03  WETZTROPMDO1    
 173495700.0000  0.100000000000000      9.361608229194626E-02  3.251E-03  WETZTROPMDO1    
 173496000.0000  0.100000000000000      9.301643848963731E-02  3.090E-03  WETZTROPMDO1    
 173496300.0000  0.100000000000000      9.187515750070176E-02  2.640E-03  WETZTROPMDO1    
 173496600.0000  0.100000000000000      9.338988881598961E-02  2.565E-03  WETZTROPMDO1    
 173496900.0000  0.100000000000000      9.672772196539736E-02  2.521E-03  WETZTROPMDO1    
 173497200.0000  0.100000000000000      9.587562806936678E-02  2.526E-03  WETZTROPMDO1    
 173497500.0000  0.100000000000000      9.191656966422666E-02  2.539E-03  WETZTROPMDO1    
 173497800.0000  0.100000000000000      8.808740097008953E-02  2.840E-03  WETZTROPMDO1    
 173498100.0000  0.100000000000000      8.657881468493996E-02  3.031E-03  WETZTROPMDO1    
 173498400.0000  0.100000000000000      8.705594743269525E-02  3.203E-03  WETZTROPMDO1    
 173498700.0000  0.100000000000000      8.748029105554703E-02  3.371E-03  WETZTROPMDO1    
 173499000.0000  0.100000000000000      8.738135516313086E-02  3.539E-03  WETZTROPMDO1    
 173499300.0000  0.100000000000000      8.744689604790182E-02  3.702E-03  WETZTROPMDO1    
 173499600.0000  0.100000000000000      8.813190141779023E-02  3.855E-03  WETZTROPMDO1    
 173499900.0000  0.100000000000000      8.869811196332199E-02  3.992E-03  WETZTROPMDO1    
 173500200.0000  0.100000000000000      8.951157455548327E-02  4.107E-03  WETZTROPMDO1    
 173500500.0000  0.100000000000000      8.999078484117823E-02  4.198E-03  WETZTROPMDO1    
 173500800.0000  0.100000000000000      9.033256609581702E-02  4.272E-03  WETZTROPMDO1    
 173501100.0000  0.100000000000000      9.087884481162510E-02  4.350E-03  WETZTROPMDO1    
 173501400.0000  0.100000000000000      9.139501075005173E-02  4.485E-03  WETZTROPMDO1    
 173501700.0000  0.100000000000000      9.199117240183895E-02  4.509E-03  WETZTROPMDO1    
 173502000.0000  0.100000000000000      9.260527820538973E-02  4.421E-03  WETZTROPMDO1    
 173502300.0000  0.100000000000000      9.318558299676052E-02  4.214E-03  WETZTROPMDO1    
 173502600.0000  0.100000000000000      9.430476824156757E-02  3.864E-03  WETZTROPMDO1    
 173502900.0000  0.100000000000000      9.575900952859351E-02  3.303E-03  WETZTROPMDO1    
 173503200.0000  0.100000000000000      9.470818337181028E-02  3.462E-03  WETZTROPMDO1    
 173503500.0000  0.100000000000000      9.469813368838592E-02  3.315E-03  WETZTROPMDO1    
 173503800.0000  0.100000000000000      9.479415879712555E-02  3.323E-03  WETZTROPMDO1    
 173504100.0000  0.100000000000000      9.612878960572761E-02  3.441E-03  WETZTROPMDO1    
 173504400.0000  0.100000000000000      9.757712519887865E-02  3.460E-03  WETZTROPMDO1    
 173504700.0000  0.100000000000000      9.794176540576009E-02  3.422E-03  WETZTROPMDO1    
 173505000.0000  0.100000000000000      9.703234434824407E-02  3.573E-03  WETZTROPMDO1    
 173505300.0000  0.100000000000000      9.879911469635526E-02  4.066E-03  WETZTROPMDO1    
 173505600.0000  0.100000000000000      0.100280696978436      4.376E-03  WETZTROPMDO1    
 173505900.0000  0.100000000000000      0.101935358348498      4.545E-03  WETZTROPMDO1    
 173506200.0000  0.100000000000000      0.103968969233920      4.580E-03  WETZTROPMDO1    
 173506500.0000  0.100000000000000      0.106015802763927      4.463E-03  WETZTROPMDO1    
 173506800.0000  0.100000000000000      0.108119552483544      4.161E-03  WETZTROPMDO1    
 173507100.0000  0.100000000000000      0.110332510925115      3.602E-03  WETZTROPMDO1    
 173507400.0000  0.100000000000000      0.108810844003526      3.695E-03  WETZTROPMDO1    
 173507700.0000  0.100000000000000      0.105312566499915      3.874E-03  WETZTROPMDO1    
 173508000.0000  0.100000000000000      0.103573370336894      4.007E-03  WETZTROPMDO1    
 173508300.0000  0.100000000000000      0.100197614175641      4.010E-03  WETZTROPMDO1    
 173508600.0000  0.100000000000000      9.683391287408856E-02  3.769E-03  WETZTROPMDO1    
 173508900.0000  0.100000000000000      9.610090574952836E-02  3.833E-03  WETZTROPMDO1    
 173509200.0000  0.100000000000000      9.358451014518941E-02  4.023E-03  WETZTROPMDO1    
 173509500.0000  0.100000000000000      9.448848961230746E-02  3.995E-03  WETZTROPMDO1    
 173509800.0000  0.100000000000000      9.471861717834221E-02  4.034E-03  WETZTROPMDO1    
 173510100.0000  0.100000000000000      9.527102813352015E-02  4.069E-03  WETZTROPMDO1    
 173510400.0000  0.100000000000000      9.577942156275970E-02  4.061E-03  WETZTROPMDO1    
 173510700.0000  0.100000000000000      9.649926853078257E-02  3.977E-03  WETZTROPMDO1    
 173511000.0000  0.100000000000000      9.737511216330455E-02  3.781E-03  WETZTROPMDO1    
 173511300.0000  0.100000000000000      9.871168443237416E-02  3.397E-03  WETZTROPMDO1    
 173511600.0000  0.100000000000000      0.100551397440326      3.350E-03  WETZTROPMDO1    
 173511900.0000  0.100000000000000      0.102747549262625      3.368E-03  WETZTROPMDO1    
 173512200.0000  0.100000000000000      0.106105256706468      3.404E-03  WETZTROPMDO1    
 173512500.0000  0.100000000000000      0.108150070833404      3.545E-03  WETZTROPMDO1    
 173512800.0000  0.100000000000000      0.109150803838136      3.395E-03  WETZTROPMDO1    
 173513100.0000  0.100000000000000      0.111487738112221      3.855E-03  WETZTROPMDO1    
 173513400.0000  0.100000000000000      0.113589493222610      4.130E-03  WETZTROPMDO1    
 173513700.0000  0.100000000000000      0.115851717745664      4.297E-03  WETZTROPMDO1    
 173514000.0000  0.100000000000000      0.117421244360840      4.344E-03  WETZTROPMDO1    
 173514300.0000  0.100000000000000      0.118803810364786      4.266E-03  WETZTROPMDO1    
 173514600.0000  0.100000000000000      0.120204843947783      4.051E-03  WETZTROPMDO1    
 173514900.0000  0.100000000000000      0.121976285079816      3.669E-03  WETZTROPMDO1    
 173515200.0000  0.100000000000000      0.124119640053103      3.027E-03  WETZTROPMDO1    
 173515500.0000  0.100000000000000      0.125016873399642      2.615E-03  WETZTROPMDO1    
 173515800.0000  0.100000000000000      0.122608803856064      2.627E-03  WETZTROPMDO1    
 173516100.0000  0.100000000000000      0.119153632901770      2.735E-03  WETZTROPMDO1    
 173516400.0000  0.100000000000000      0.114927514101079      2.815E-03  WETZTROPMDO1    
 173516700.0000  0.100000000000000      0.114498002834464      2.901E-03  WETZTROPMDO1    
 173517000.0000  0.100000000000000      0.115170144405486      2.901E-03  WETZTROPMDO1    
 173517300.0000  0.100000000000000      0.116699750035660      2.940E-03  WETZTROPMDO1    
 173517600.0000  0.100000000000000      0.119689840012305      3.166E-03  WETZTROPMDO1    
 173517900.0000  0.100000000000000      0.123824821471805      3.318E-03  WETZTROPMDO1    
 173518200.0000  0.100000000000000      0.129094662632774      3.401E-03  WETZTROPMDO1    
 173518500.0000  0.100000000000000      0.131998744809676      3.443E-03  WETZTROPMDO1    
 173518800.0000  0.100000000000000      0.132416348579034      3.491E-03  WETZTROPMDO1    
 173519100.0000  0.100000000000000      0.131074232813272      3.564E-03  WETZTROPMDO1    
 173519400.0000  0.100000000000000      0.131009819701573      3.719E-03  WETZTROPMDO1    
 173519700.0000  0.100000000000000      0.130270999268688      3.613E-03  WETZTROPMDO1    
 173520000.0000  0.100000000000000      0.128906810456995      3.492E-03  WETZTROPMDO1    
 173520300.0000  0.100000000000000      0.128465122262750      3.249E-03  WETZTROPMDO1    
 173520600.0000  0.100000000000000      0.127443950719427      2.731E-03  WETZTROPMDO1    
 173520900.0000  0.100000000000000      0.128618222867539      2.477E-03  WETZTROPMDO1    
 173521200.0000  0.100000000000000      0.132022949403584      2.582E-03  WETZTROPMDO1    
 173521500.0000  0.100000000000000      0.133377836290925      2.705E-03  WETZTROPMDO1    
 173521800.0000  0.100000000000000      0.131733620989673      2.778E-03  WETZTROPMDO1    
 173522100.0000  0.100000000000000      0.129888788107082      2.785E-03  WETZTROPMDO1    
 173522400.0000  0.100000000000000      0.127853867378056      2.747E-03  WETZTROPMDO1    
 173522700.0000  0.100000000000000      0.125155906026669      2.784E-03  WETZTROPMDO1    
 173523000.0000  0.100000000000000      0.122840627832939      2.669E-03  WETZTROPMDO1    
 173523300.0000  0.100000000000000      0.124182419075933      2.606E-03  WETZTROPMDO1    
 173523600.0000  0.100000000000000      0.123489490786004      2.620E-03  WETZTROPMDO1    
 173523900.0000  0.100000000000000      0.120973217443602      3.187E-03  WETZTROPMDO1    
 173524200.0000  0.100000000000000      0.118875770496322      3.453E-03  WETZTROPMDO1    
 173524500.0000  0.100000000000000      0.116546419437005      3.665E-03  WETZTROPMDO1    
 173524800.0000  0.100000000000000      0.115225304190775      3.748E-03  WETZTROPMDO1    
 173525100.0000  0.100000000000000      0.114194005290459      3.762E-03  WETZTROPMDO1    
 173525400.0000  0.100000000000000      0.113932842087092      3.764E-03  WETZTROPMDO1    
 173525700.0000  0.100000000000000      0.114234037447891      3.799E-03  WETZTROPMDO1    
 173526000.0000  0.100000000000000      0.113745785714635      4.039E-03  WETZTROPMDO1    
 173526300.0000  0.100000000000000      0.113730593443821      4.251E-03  WETZTROPMDO1    
 173526600.0000  0.100000000000000      0.114885231324929      4.354E-03  WETZTROPMDO1    
 173526900.0000  0.100000000000000      0.117622226522978      4.331E-03  WETZTROPMDO1    
 173527200.0000  0.100000000000000      0.116922823824446      4.534E-03  WETZTROPMDO1    
 173527500.0000  0.100000000000000      0.116215394299597      4.667E-03  WETZTROPMDO1    
 173527800.0000  0.100000000000000      0.115443354308824      4.738E-03  WETZTROPMDO1    
 173528100.0000  0.100000000000000      0.114755128246339      4.752E-03  WETZTROPMDO1    
 173528400.0000  0.100000000000000      0.114310799006321      4.714E-03  WETZTROPMDO1    
 173528700.0000  0.100000000000000      0.113745504048814      4.631E-03  WETZTROPMDO1    
 173529000.0000  0.100000000000000      0.113331814465450      4.507E-03  WETZTROPMDO1    
 173529300.0000  0.100000000000000      0.112736520278357      4.349E-03  WETZTROPMDO1    
 173529600.0000  0.100000000000000      0.111810637914271      4.160E-03  WETZTROPMDO1    
 173529900.0000  0.100000000000000      0.110777995902757      3.937E-03  WETZTROPMDO1    
 173530200.0000  0.100000000000000      0.110292077271838      3.668E-03  WETZTROPMDO1    
 173530500.0000  0.100000000000000      0.110809485073645      3.311E-03  WETZTROPMDO1    
 173530800.0000  0.100000000000000      0.109681077164701      3.217E-03  WETZTROPMDO1    
 173531100.0000  0.100000000000000      0.109315232519371      3.270E-03  WETZTROPMDO1    
 173531400.0000  0.100000000000000      0.109462089830060      3.214E-03  WETZTROPMDO1    
 173531700.0000  0.100000000000000      0.109270490619654      2.978E-03  WETZTROPMDO1    
 173532000.0000  0.100000000000000      0.107365414225037      3.075E-03  WETZTROPMDO1    
 173532300.0000  0.100000000000000      0.109526904845924      3.296E-03  WETZTROPMDO1    
 173532600.0000  0.100000000000000      0.112604474887300      3.297E-03  WETZTROPMDO1    
 173532900.0000  0.100000000000000      0.116022364873950      3.358E-03  WETZTROPMDO1    
 173533200.0000  0.100000000000000      0.118803466699977      3.448E-03  WETZTROPMDO1    
 173533500.0000  0.100000000000000      0.122565684552914      3.666E-03  WETZTROPMDO1    
 173533800.0000  0.100000000000000      0.123879977274161      4.380E-03  WETZTROPMDO1    
 173534100.0000  0.100000000000000      0.124194403672118      5.008E-03  WETZTROPMDO1    
