 173880000.0000  0.100000000000000      4.422195242387993E-02  3.365E-03  WETZTROPRESO    
 173880300.0000  0.100000000000000      4.441380973981212E-02  2.815E-03  WETZTROPRESO    
 173880600.0000  0.100000000000000      4.407258405014641E-02  2.670E-03  WETZTROPRESO    
 173880900.0000  0.100000000000000      4.238255489332295E-02  2.504E-03  WETZTROPRESO    
 173881200.0000  0.100000000000000      4.329474996484581E-02  2.545E-03  WETZTROPRESO    
 173881500.0000  0.100000000000000      4.278634578529036E-02  2.561E-03  WETZTROPRESO    
 173881800.0000  0.100000000000000      4.154823402465310E-02  2.523E-03  WETZTROPRESO    
 173882100.0000  0.100000000000000      3.977204891033947E-02  2.686E-03  WETZTROPRESO    
 173882400.0000  0.100000000000000      3.937855931541217E-02  2.446E-03  WETZTROPRESO    
 173882700.0000  0.100000000000000      3.988307502030482E-02  2.561E-03  WETZTROPRESO    
 173883000.0000  0.100000000000000      3.960072517957083E-02  2.642E-03  WETZTROPRESO    
 173883300.0000  0.100000000000000      3.965502826287665E-02  2.589E-03  WETZTROPRESO    
 173883600.0000  0.100000000000000      3.967277951253744E-02  2.286E-03  WETZTROPRESO    
 173883900.0000  0.100000000000000      4.170137536142554E-02  2.191E-03  WETZTROPRESO    
 173884200.0000  0.100000000000000      4.446032701812104E-02  2.260E-03  WETZTROPRESO    
 173884500.0000  0.100000000000000      4.340380034296262E-02  2.527E-03  WETZTROPRESO    
 173884800.0000  0.100000000000000      4.438939305344592E-02  2.697E-03  WETZTROPRESO    
 173885100.0000  0.100000000000000      4.647296741951494E-02  2.725E-03  WETZTROPRESO    
 173885400.0000  0.100000000000000      4.882946918990769E-02  2.426E-03  WETZTROPRESO    
 173885700.0000  0.100000000000000      4.687637068726738E-02  2.553E-03  WETZTROPRESO    
 173886000.0000  0.100000000000000      4.598323973421926E-02  2.679E-03  WETZTROPRESO    
 173886300.0000  0.100000000000000      4.365106474884358E-02  2.722E-03  WETZTROPRESO    
 173886600.0000  0.100000000000000      4.051150504768348E-02  2.650E-03  WETZTROPRESO    
 173886900.0000  0.100000000000000      3.934067120214887E-02  2.435E-03  WETZTROPRESO    
 173887200.0000  0.100000000000000      3.967626492546831E-02  1.952E-03  WETZTROPRESO    
 173887500.0000  0.100000000000000      4.044901411054015E-02  1.871E-03  WETZTROPRESO    
 173887800.0000  0.100000000000000      3.993491458620277E-02  1.953E-03  WETZTROPRESO    
 173888100.0000  0.100000000000000      4.003349469732694E-02  1.676E-03  WETZTROPRESO    
 173888400.0000  0.100000000000000      4.191575183404191E-02  2.130E-03  WETZTROPRESO    
 173888700.0000  0.100000000000000      4.282658485934732E-02  2.240E-03  WETZTROPRESO    
 173889000.0000  0.100000000000000      4.357366033569427E-02  2.306E-03  WETZTROPRESO    
 173889300.0000  0.100000000000000      4.281193288413256E-02  2.656E-03  WETZTROPRESO    
 173889600.0000  0.100000000000000      4.288129837460264E-02  2.623E-03  WETZTROPRESO    
 173889900.0000  0.100000000000000      4.372077948617248E-02  2.722E-03  WETZTROPRESO    
 173890200.0000  0.100000000000000      4.339093559560901E-02  2.809E-03  WETZTROPRESO    
 173890500.0000  0.100000000000000      4.313487224539047E-02  3.070E-03  WETZTROPRESO    
 173890800.0000  0.100000000000000      4.132474408572805E-02  3.218E-03  WETZTROPRESO    
 173891100.0000  0.100000000000000      4.065569969177051E-02  3.244E-03  WETZTROPRESO    
 173891400.0000  0.100000000000000      4.058513197290700E-02  3.064E-03  WETZTROPRESO    
 173891700.0000  0.100000000000000      4.002970295529211E-02  2.437E-03  WETZTROPRESO    
 173892000.0000  0.100000000000000      3.964827735011110E-02  2.450E-03  WETZTROPRESO    
 173892300.0000  0.100000000000000      3.924975832024487E-02  2.448E-03  WETZTROPRESO    
 173892600.0000  0.100000000000000      3.381236470527303E-02  2.170E-03  WETZTROPRESO    
 173892900.0000  0.100000000000000      3.239163861872518E-02  2.376E-03  WETZTROPRESO    
 173893200.0000  0.100000000000000      3.198372419986895E-02  2.451E-03  WETZTROPRESO    
 173893500.0000  0.100000000000000      3.349139680714884E-02  2.535E-03  WETZTROPRESO    
 173893800.0000  0.100000000000000      3.246322379533492E-02  2.558E-03  WETZTROPRESO    
 173894100.0000  0.100000000000000      3.282858598845648E-02  2.512E-03  WETZTROPRESO    
 173894400.0000  0.100000000000000      3.275989889747802E-02  2.465E-03  WETZTROPRESO    
 173894700.0000  0.100000000000000      3.070728944439470E-02  2.406E-03  WETZTROPRESO    
 173895000.0000  0.100000000000000      3.143921272488605E-02  2.218E-03  WETZTROPRESO    
 173895300.0000  0.100000000000000      3.155674547666605E-02  2.120E-03  WETZTROPRESO    
 173895600.0000  0.100000000000000      3.263751982168167E-02  2.184E-03  WETZTROPRESO    
 173895900.0000  0.100000000000000      3.218221231314154E-02  2.465E-03  WETZTROPRESO    
 173896200.0000  0.100000000000000      3.103202974997285E-02  2.682E-03  WETZTROPRESO    
 173896500.0000  0.100000000000000      3.016861800347970E-02  2.770E-03  WETZTROPRESO    
 173896800.0000  0.100000000000000      3.007674388144727E-02  2.584E-03  WETZTROPRESO    
 173897100.0000  0.100000000000000      3.065383579435280E-02  2.676E-03  WETZTROPRESO    
 173897400.0000  0.100000000000000      3.148383323550866E-02  2.749E-03  WETZTROPRESO    
 173897700.0000  0.100000000000000      3.208294237233025E-02  2.590E-03  WETZTROPRESO    
 173898000.0000  0.100000000000000      3.069598204710930E-02  2.370E-03  WETZTROPRESO    
 173898300.0000  0.100000000000000      2.896611380261790E-02  2.114E-03  WETZTROPRESO    
 173898600.0000  0.100000000000000      2.837423137635733E-02  1.894E-03  WETZTROPRESO    
 173898900.0000  0.100000000000000      2.992611808090455E-02  2.247E-03  WETZTROPRESO    
 173899200.0000  0.100000000000000      2.932631618414656E-02  2.556E-03  WETZTROPRESO    
 173899500.0000  0.100000000000000      3.067300307085027E-02  2.473E-03  WETZTROPRESO    
 173899800.0000  0.100000000000000      3.188393309012180E-02  2.179E-03  WETZTROPRESO    
 173900100.0000  0.100000000000000      3.129333301315640E-02  2.400E-03  WETZTROPRESO    
 173900400.0000  0.100000000000000      2.945372649411648E-02  2.252E-03  WETZTROPRESO    
 173900700.0000  0.100000000000000      2.842235715117944E-02  2.394E-03  WETZTROPRESO    
 173901000.0000  0.100000000000000      2.850343323788673E-02  2.509E-03  WETZTROPRESO    
 173901300.0000  0.100000000000000      3.051425117004017E-02  2.554E-03  WETZTROPRESO    
 173901600.0000  0.100000000000000      2.906815179095182E-02  2.520E-03  WETZTROPRESO    
 173901900.0000  0.100000000000000      2.836920479218635E-02  2.404E-03  WETZTROPRESO    
 173902200.0000  0.100000000000000      2.852580959930744E-02  2.212E-03  WETZTROPRESO    
 173902500.0000  0.100000000000000      2.955839487246918E-02  2.139E-03  WETZTROPRESO    
 173902800.0000  0.100000000000000      2.944344104556802E-02  2.250E-03  WETZTROPRESO    
 173903100.0000  0.100000000000000      2.829292310771682E-02  2.084E-03  WETZTROPRESO    
 173903400.0000  0.100000000000000      2.818728906779797E-02  2.266E-03  WETZTROPRESO    
 173903700.0000  0.100000000000000      2.976598548104450E-02  2.348E-03  WETZTROPRESO    
 173904000.0000  0.100000000000000      3.040875248876167E-02  1.952E-03  WETZTROPRESO    
 173904300.0000  0.100000000000000      2.744540486736555E-02  2.134E-03  WETZTROPRESO    
 173904600.0000  0.100000000000000      2.696574950391092E-02  2.339E-03  WETZTROPRESO    
 173904900.0000  0.100000000000000      2.891434801999641E-02  2.486E-03  WETZTROPRESO    
 173905200.0000  0.100000000000000      2.882477104735469E-02  2.585E-03  WETZTROPRESO    
 173905500.0000  0.100000000000000      2.848491874291931E-02  2.845E-03  WETZTROPRESO    
 173905800.0000  0.100000000000000      2.745533377721304E-02  2.938E-03  WETZTROPRESO    
 173906100.0000  0.100000000000000      2.664767983472827E-02  2.920E-03  WETZTROPRESO    
 173906400.0000  0.100000000000000      2.594882852880068E-02  2.834E-03  WETZTROPRESO    
 173906700.0000  0.100000000000000      2.360322341913160E-02  2.772E-03  WETZTROPRESO    
 173907000.0000  0.100000000000000      2.196676502023644E-02  3.101E-03  WETZTROPRESO    
 173907300.0000  0.100000000000000      2.122799267557668E-02  3.043E-03  WETZTROPRESO    
 173907600.0000  0.100000000000000      2.028362201665720E-02  2.543E-03  WETZTROPRESO    
 173907900.0000  0.100000000000000      2.114925502869350E-02  2.601E-03  WETZTROPRESO    
 173908200.0000  0.100000000000000      2.166135877167592E-02  2.669E-03  WETZTROPRESO    
 173908500.0000  0.100000000000000      1.867804446464463E-02  2.626E-03  WETZTROPRESO    
 173908800.0000  0.100000000000000      1.859758356314560E-02  2.308E-03  WETZTROPRESO    
 173909100.0000  0.100000000000000      1.781187905019906E-02  2.420E-03  WETZTROPRESO    
 173909400.0000  0.100000000000000      1.852271789696668E-02  2.425E-03  WETZTROPRESO    
 173909700.0000  0.100000000000000      1.917996029854306E-02  2.342E-03  WETZTROPRESO    
 173910000.0000  0.100000000000000      2.094845339445243E-02  2.295E-03  WETZTROPRESO    
 173910300.0000  0.100000000000000      2.204019015365798E-02  2.388E-03  WETZTROPRESO    
 173910600.0000  0.100000000000000      1.997580440660827E-02  2.609E-03  WETZTROPRESO    
 173910900.0000  0.100000000000000      1.860197985942921E-02  2.308E-03  WETZTROPRESO    
 173911200.0000  0.100000000000000      1.869134221987448E-02  2.667E-03  WETZTROPRESO    
 173911500.0000  0.100000000000000      1.862707417134736E-02  2.462E-03  WETZTROPRESO    
 173911800.0000  0.100000000000000      1.564564330405099E-02  2.562E-03  WETZTROPRESO    
 173912100.0000  0.100000000000000      1.695951597603357E-02  2.637E-03  WETZTROPRESO    
 173912400.0000  0.100000000000000      1.667313658744086E-02  2.638E-03  WETZTROPRESO    
 173912700.0000  0.100000000000000      1.706205175567493E-02  2.564E-03  WETZTROPRESO    
 173913000.0000  0.100000000000000      1.755309528688360E-02  2.467E-03  WETZTROPRESO    
 173913300.0000  0.100000000000000      1.688706562905241E-02  2.621E-03  WETZTROPRESO    
 173913600.0000  0.100000000000000      1.824424780276963E-02  2.514E-03  WETZTROPRESO    
 173913900.0000  0.100000000000000      1.664570911965779E-02  2.122E-03  WETZTROPRESO    
 173914200.0000  0.100000000000000      1.507795048422730E-02  1.914E-03  WETZTROPRESO    
 173914500.0000  0.100000000000000      1.536823109439839E-02  1.950E-03  WETZTROPRESO    
 173914800.0000  0.100000000000000      1.577178341372354E-02  2.269E-03  WETZTROPRESO    
 173915100.0000  0.100000000000000      1.641763083167926E-02  2.322E-03  WETZTROPRESO    
 173915400.0000  0.100000000000000      1.924668469632952E-02  2.195E-03  WETZTROPRESO    
 173915700.0000  0.100000000000000      1.960378696866048E-02  2.129E-03  WETZTROPRESO    
 173916000.0000  0.100000000000000      2.115078126033650E-02  2.238E-03  WETZTROPRESO    
 173916300.0000  0.100000000000000      1.832684461214276E-02  2.514E-03  WETZTROPRESO    
 173916600.0000  0.100000000000000      1.833473791768254E-02  2.728E-03  WETZTROPRESO    
 173916900.0000  0.100000000000000      1.995180763964911E-02  2.854E-03  WETZTROPRESO    
 173917200.0000  0.100000000000000      2.166963058118943E-02  2.872E-03  WETZTROPRESO    
 173917500.0000  0.100000000000000      2.324290054871794E-02  2.786E-03  WETZTROPRESO    
 173917800.0000  0.100000000000000      2.275112996316415E-02  2.633E-03  WETZTROPRESO    
 173918100.0000  0.100000000000000      2.160770484517886E-02  2.509E-03  WETZTROPRESO    
 173918400.0000  0.100000000000000      2.332159837554663E-02  2.928E-03  WETZTROPRESO    
 173918700.0000  0.100000000000000      2.434672157973994E-02  2.990E-03  WETZTROPRESO    
 173919000.0000  0.100000000000000      2.587933137242783E-02  2.877E-03  WETZTROPRESO    
 173919300.0000  0.100000000000000      2.499920941711578E-02  2.653E-03  WETZTROPRESO    
 173919600.0000  0.100000000000000      2.492169021105671E-02  2.257E-03  WETZTROPRESO    
 173919900.0000  0.100000000000000      2.480390387922456E-02  2.164E-03  WETZTROPRESO    
 173920200.0000  0.100000000000000      2.731064368324491E-02  2.068E-03  WETZTROPRESO    
 173920500.0000  0.100000000000000      2.834854433978110E-02  2.158E-03  WETZTROPRESO    
 173920800.0000  0.100000000000000      2.672253881800088E-02  2.512E-03  WETZTROPRESO    
 173921100.0000  0.100000000000000      2.619922276617054E-02  2.496E-03  WETZTROPRESO    
 173921400.0000  0.100000000000000      2.494456464223860E-02  2.342E-03  WETZTROPRESO    
 173921700.0000  0.100000000000000      2.160545200104279E-02  2.077E-03  WETZTROPRESO    
 173922000.0000  0.100000000000000      2.240704315260066E-02  2.403E-03  WETZTROPRESO    
 173922300.0000  0.100000000000000      2.338452694828734E-02  2.488E-03  WETZTROPRESO    
 173922600.0000  0.100000000000000      2.392814143168386E-02  2.236E-03  WETZTROPRESO    
 173922900.0000  0.100000000000000      2.348836358923637E-02  2.419E-03  WETZTROPRESO    
 173923200.0000  0.100000000000000      2.164827668115406E-02  2.628E-03  WETZTROPRESO    
 173923500.0000  0.100000000000000      2.126538925753113E-02  2.798E-03  WETZTROPRESO    
 173923800.0000  0.100000000000000      2.089280657806081E-02  2.884E-03  WETZTROPRESO    
 173924100.0000  0.100000000000000      2.025665737336932E-02  2.814E-03  WETZTROPRESO    
 173924400.0000  0.100000000000000      1.958301836266353E-02  2.423E-03  WETZTROPRESO    
 173924700.0000  0.100000000000000      2.186488976709601E-02  2.471E-03  WETZTROPRESO    
 173925000.0000  0.100000000000000      2.229757889226167E-02  2.494E-03  WETZTROPRESO    
 173925300.0000  0.100000000000000      2.322076974984923E-02  2.449E-03  WETZTROPRESO    
 173925600.0000  0.100000000000000      2.325112173248242E-02  2.516E-03  WETZTROPRESO    
 173925900.0000  0.100000000000000      2.366144980075413E-02  2.349E-03  WETZTROPRESO    
 173926200.0000  0.100000000000000      2.469527137484663E-02  1.873E-03  WETZTROPRESO    
 173926500.0000  0.100000000000000      2.411447038439291E-02  2.133E-03  WETZTROPRESO    
 173926800.0000  0.100000000000000      2.386316291810708E-02  2.150E-03  WETZTROPRESO    
 173927100.0000  0.100000000000000      2.565393713942396E-02  2.296E-03  WETZTROPRESO    
 173927400.0000  0.100000000000000      2.520465028545091E-02  2.128E-03  WETZTROPRESO    
 173927700.0000  0.100000000000000      2.732876443581693E-02  2.259E-03  WETZTROPRESO    
 173928000.0000  0.100000000000000      2.559109656244028E-02  2.144E-03  WETZTROPRESO    
 173928300.0000  0.100000000000000      2.607225011853784E-02  2.354E-03  WETZTROPRESO    
 173928600.0000  0.100000000000000      2.355178911581568E-02  2.550E-03  WETZTROPRESO    
 173928900.0000  0.100000000000000      2.256482540488314E-02  2.667E-03  WETZTROPRESO    
 173929200.0000  0.100000000000000      2.177222612919089E-02  2.688E-03  WETZTROPRESO    
 173929500.0000  0.100000000000000      2.231037697727679E-02  2.674E-03  WETZTROPRESO    
 173929800.0000  0.100000000000000      2.333821930021811E-02  2.951E-03  WETZTROPRESO    
 173930100.0000  0.100000000000000      2.511566680823950E-02  3.024E-03  WETZTROPRESO    
 173930400.0000  0.100000000000000      2.662257628743149E-02  3.088E-03  WETZTROPRESO    
 173930700.0000  0.100000000000000      2.905621294039024E-02  2.935E-03  WETZTROPRESO    
 173931000.0000  0.100000000000000      2.933896696683184E-02  2.476E-03  WETZTROPRESO    
 173931300.0000  0.100000000000000      2.958109621060442E-02  2.576E-03  WETZTROPRESO    
 173931600.0000  0.100000000000000      2.986626102352467E-02  2.677E-03  WETZTROPRESO    
 173931900.0000  0.100000000000000      3.027652893023197E-02  2.768E-03  WETZTROPRESO    
 173932200.0000  0.100000000000000      3.069377827332086E-02  2.308E-03  WETZTROPRESO    
 173932500.0000  0.100000000000000      3.070337853657909E-02  2.330E-03  WETZTROPRESO    
 173932800.0000  0.100000000000000      3.213715535179504E-02  2.376E-03  WETZTROPRESO    
 173933100.0000  0.100000000000000      3.087512474629217E-02  2.387E-03  WETZTROPRESO    
 173933400.0000  0.100000000000000      3.124339135317517E-02  2.363E-03  WETZTROPRESO    
 173933700.0000  0.100000000000000      3.107898468202856E-02  2.343E-03  WETZTROPRESO    
 173934000.0000  0.100000000000000      3.014664063539395E-02  2.757E-03  WETZTROPRESO    
 173934300.0000  0.100000000000000      2.832566176689016E-02  2.432E-03  WETZTROPRESO    
 173934600.0000  0.100000000000000      2.997397181608344E-02  2.527E-03  WETZTROPRESO    
 173934900.0000  0.100000000000000      2.947875869708114E-02  2.647E-03  WETZTROPRESO    
 173935200.0000  0.100000000000000      2.981710848932199E-02  2.733E-03  WETZTROPRESO    
 173935500.0000  0.100000000000000      2.798494757412524E-02  2.753E-03  WETZTROPRESO    
 173935800.0000  0.100000000000000      2.728151489020768E-02  2.648E-03  WETZTROPRESO    
 173936100.0000  0.100000000000000      2.886422258101735E-02  2.246E-03  WETZTROPRESO    
 173936400.0000  0.100000000000000      2.874144837519178E-02  2.344E-03  WETZTROPRESO    
 173936700.0000  0.100000000000000      2.643177555568252E-02  2.432E-03  WETZTROPRESO    
 173937000.0000  0.100000000000000      2.846261042929576E-02  2.521E-03  WETZTROPRESO    
 173937300.0000  0.100000000000000      2.739772747392787E-02  3.060E-03  WETZTROPRESO    
 173937600.0000  0.100000000000000      2.753397278409497E-02  3.242E-03  WETZTROPRESO    
 173937900.0000  0.100000000000000      2.706422595758380E-02  3.207E-03  WETZTROPRESO    
 173938200.0000  0.100000000000000      2.802275411749529E-02  2.997E-03  WETZTROPRESO    
 173938500.0000  0.100000000000000      2.837923119586583E-02  2.692E-03  WETZTROPRESO    
 173938800.0000  0.100000000000000      2.919641335569913E-02  2.358E-03  WETZTROPRESO    
 173939100.0000  0.100000000000000      2.976778743640823E-02  2.485E-03  WETZTROPRESO    
 173939400.0000  0.100000000000000      2.911086257617412E-02  2.569E-03  WETZTROPRESO    
 173939700.0000  0.100000000000000      2.959479628712873E-02  2.286E-03  WETZTROPRESO    
 173940000.0000  0.100000000000000      2.897262823367348E-02  2.471E-03  WETZTROPRESO    
 173940300.0000  0.100000000000000      2.787730245783222E-02  2.494E-03  WETZTROPRESO    
 173940600.0000  0.100000000000000      2.660357390846046E-02  2.656E-03  WETZTROPRESO    
 173940900.0000  0.100000000000000      2.610492635741597E-02  2.642E-03  WETZTROPRESO    
 173941200.0000  0.100000000000000      2.788896571814420E-02  2.903E-03  WETZTROPRESO    
 173941500.0000  0.100000000000000      2.737166529576879E-02  2.815E-03  WETZTROPRESO    
 173941800.0000  0.100000000000000      2.787524717796906E-02  2.825E-03  WETZTROPRESO    
 173942100.0000  0.100000000000000      2.968890543059213E-02  2.683E-03  WETZTROPRESO    
 173942400.0000  0.100000000000000      2.942333780240074E-02  2.464E-03  WETZTROPRESO    
 173942700.0000  0.100000000000000      2.864895566218709E-02  2.231E-03  WETZTROPRESO    
 173943000.0000  0.100000000000000      2.952362881717160E-02  1.988E-03  WETZTROPRESO    
 173943300.0000  0.100000000000000      3.103743011270950E-02  2.000E-03  WETZTROPRESO    
 173943600.0000  0.100000000000000      3.170369659405979E-02  1.865E-03  WETZTROPRESO    
 173943900.0000  0.100000000000000      3.365077566791257E-02  2.066E-03  WETZTROPRESO    
 173944200.0000  0.100000000000000      3.266179350688561E-02  2.119E-03  WETZTROPRESO    
 173944500.0000  0.100000000000000      3.105167517176323E-02  2.129E-03  WETZTROPRESO    
 173944800.0000  0.100000000000000      3.199100035794615E-02  2.323E-03  WETZTROPRESO    
 173945100.0000  0.100000000000000      3.157614105248904E-02  2.588E-03  WETZTROPRESO    
 173945400.0000  0.100000000000000      3.143510289595133E-02  2.719E-03  WETZTROPRESO    
 173945700.0000  0.100000000000000      3.292592449044941E-02  2.676E-03  WETZTROPRESO    
 173946000.0000  0.100000000000000      3.384851558245945E-02  3.071E-03  WETZTROPRESO    
 173946300.0000  0.100000000000000      3.514062322535308E-02  3.272E-03  WETZTROPRESO    
 173946600.0000  0.100000000000000      3.568001407916559E-02  3.311E-03  WETZTROPRESO    
 173946900.0000  0.100000000000000      3.612295180823687E-02  3.127E-03  WETZTROPRESO    
 173947200.0000  0.100000000000000      3.612915950041125E-02  2.529E-03  WETZTROPRESO    
 173947500.0000  0.100000000000000      3.287176736901867E-02  2.423E-03  WETZTROPRESO    
 173947800.0000  0.100000000000000      3.431224547664022E-02  2.109E-03  WETZTROPRESO    
 173948100.0000  0.100000000000000      3.266082728056277E-02  2.275E-03  WETZTROPRESO    
 173948400.0000  0.100000000000000      3.320890229247583E-02  2.438E-03  WETZTROPRESO    
 173948700.0000  0.100000000000000      3.384137848679962E-02  2.499E-03  WETZTROPRESO    
 173949000.0000  0.100000000000000      3.463021159886347E-02  2.507E-03  WETZTROPRESO    
 173949300.0000  0.100000000000000      3.529976500958749E-02  2.655E-03  WETZTROPRESO    
 173949600.0000  0.100000000000000      3.698372609899692E-02  2.556E-03  WETZTROPRESO    
 173949900.0000  0.100000000000000      3.921787949154306E-02  2.628E-03  WETZTROPRESO    
 173950200.0000  0.100000000000000      3.936533529596543E-02  3.030E-03  WETZTROPRESO    
 173950500.0000  0.100000000000000      3.934879514032629E-02  3.157E-03  WETZTROPRESO    
 173950800.0000  0.100000000000000      3.996460985723588E-02  3.136E-03  WETZTROPRESO    
 173951100.0000  0.100000000000000      4.035647479124568E-02  3.019E-03  WETZTROPRESO    
 173951400.0000  0.100000000000000      4.145480128133981E-02  2.818E-03  WETZTROPRESO    
 173951700.0000  0.100000000000000      4.267291474619260E-02  2.478E-03  WETZTROPRESO    
 173952000.0000  0.100000000000000      3.879720633039110E-02  2.601E-03  WETZTROPRESO    
 173952300.0000  0.100000000000000      3.711999538041548E-02  2.588E-03  WETZTROPRESO    
 173952600.0000  0.100000000000000      3.554081145204642E-02  2.583E-03  WETZTROPRESO    
 173952900.0000  0.100000000000000      3.669627417707931E-02  2.545E-03  WETZTROPRESO    
 173953200.0000  0.100000000000000      3.558613632563436E-02  2.507E-03  WETZTROPRESO    
 173953500.0000  0.100000000000000      3.733685678274501E-02  2.810E-03  WETZTROPRESO    
 173953800.0000  0.100000000000000      3.793012337669298E-02  2.484E-03  WETZTROPRESO    
 173954100.0000  0.100000000000000      3.638266147359673E-02  2.598E-03  WETZTROPRESO    
 173954400.0000  0.100000000000000      3.623483243489647E-02  2.734E-03  WETZTROPRESO    
 173954700.0000  0.100000000000000      3.629919601635073E-02  2.822E-03  WETZTROPRESO    
 173955000.0000  0.100000000000000      3.599200616785524E-02  2.841E-03  WETZTROPRESO    
 173955300.0000  0.100000000000000      3.570936422780617E-02  2.826E-03  WETZTROPRESO    
 173955600.0000  0.100000000000000      3.588283090262595E-02  2.783E-03  WETZTROPRESO    
 173955900.0000  0.100000000000000      3.535606690829761E-02  2.803E-03  WETZTROPRESO    
 173956200.0000  0.100000000000000      3.536741453161658E-02  2.636E-03  WETZTROPRESO    
 173956500.0000  0.100000000000000      3.695981787410020E-02  2.132E-03  WETZTROPRESO    
 173956800.0000  0.100000000000000      3.501855428626321E-02  2.259E-03  WETZTROPRESO    
 173957100.0000  0.100000000000000      3.438057746295017E-02  2.370E-03  WETZTROPRESO    
 173957400.0000  0.100000000000000      3.443554867982498E-02  2.396E-03  WETZTROPRESO    
 173957700.0000  0.100000000000000      3.477269807790839E-02  2.132E-03  WETZTROPRESO    
 173958000.0000  0.100000000000000      3.763353336783361E-02  2.303E-03  WETZTROPRESO    
 173958300.0000  0.100000000000000      3.867863148626433E-02  2.447E-03  WETZTROPRESO    
 173958600.0000  0.100000000000000      3.766715802299988E-02  2.466E-03  WETZTROPRESO    
 173958900.0000  0.100000000000000      3.772872981725309E-02  2.588E-03  WETZTROPRESO    
 173959200.0000  0.100000000000000      3.780303304202273E-02  2.909E-03  WETZTROPRESO    
 173959500.0000  0.100000000000000      3.819568939374212E-02  3.052E-03  WETZTROPRESO    
 173959800.0000  0.100000000000000      3.909601854123673E-02  3.046E-03  WETZTROPRESO    
 173960100.0000  0.100000000000000      3.918756371870979E-02  2.915E-03  WETZTROPRESO    
 173960400.0000  0.100000000000000      3.885444225806656E-02  2.703E-03  WETZTROPRESO    
 173960700.0000  0.100000000000000      3.877344416991148E-02  2.483E-03  WETZTROPRESO    
 173961000.0000  0.100000000000000      4.014473071613718E-02  2.475E-03  WETZTROPRESO    
 173961300.0000  0.100000000000000      3.929570739344744E-02  2.611E-03  WETZTROPRESO    
 173961600.0000  0.100000000000000      4.035046838741429E-02  2.760E-03  WETZTROPRESO    
 173961900.0000  0.100000000000000      3.919939407336186E-02  2.879E-03  WETZTROPRESO    
 173962200.0000  0.100000000000000      3.963819376403730E-02  2.947E-03  WETZTROPRESO    
 173962500.0000  0.100000000000000      3.922171332552286E-02  3.130E-03  WETZTROPRESO    
 173962800.0000  0.100000000000000      3.767623230876872E-02  2.931E-03  WETZTROPRESO    
 173963100.0000  0.100000000000000      3.641722896782022E-02  3.181E-03  WETZTROPRESO    
 173963400.0000  0.100000000000000      3.483190850835420E-02  3.158E-03  WETZTROPRESO    
 173963700.0000  0.100000000000000      3.402667018193783E-02  2.947E-03  WETZTROPRESO    
 173964000.0000  0.100000000000000      3.272533478247985E-02  2.501E-03  WETZTROPRESO    
 173964300.0000  0.100000000000000      3.403826063459874E-02  2.575E-03  WETZTROPRESO    
 173964600.0000  0.100000000000000      3.437770763285564E-02  2.813E-03  WETZTROPRESO    
 173964900.0000  0.100000000000000      3.741996260893204E-02  2.880E-03  WETZTROPRESO    
 173965200.0000  0.100000000000000      3.771003550174147E-02  2.770E-03  WETZTROPRESO    
 173965500.0000  0.100000000000000      3.657598372063085E-02  3.114E-03  WETZTROPRESO    
 173965800.0000  0.100000000000000      3.715495545672994E-02  3.051E-03  WETZTROPRESO    
 173966100.0000  0.100000000000000      3.851965802811609E-02  3.264E-03  WETZTROPRESO    
