 173534400.0000  0.100000000000000      5.595714958980251E-02  4.061E-03  WETZTROPRESO    
 173534700.0000  0.100000000000000      5.623941557925326E-02  3.850E-03  WETZTROPRESO    
 173535000.0000  0.100000000000000      5.459360262444599E-02  3.686E-03  WETZTROPRESO    
 173535300.0000  0.100000000000000      5.385368886510766E-02  3.444E-03  WETZTROPRESO    
 173535600.0000  0.100000000000000      5.508076771585333E-02  3.117E-03  WETZTROPRESO    
 173535900.0000  0.100000000000000      5.536687418321335E-02  3.005E-03  WETZTROPRESO    
 173536200.0000  0.100000000000000      5.583212563067411E-02  2.476E-03  WETZTROPRESO    
 173536500.0000  0.100000000000000      5.634816286893928E-02  2.505E-03  WETZTROPRESO    
 173536800.0000  0.100000000000000      5.638986843070118E-02  2.523E-03  WETZTROPRESO    
 173537100.0000  0.100000000000000      5.530667370108346E-02  2.431E-03  WETZTROPRESO    
 173537400.0000  0.100000000000000      5.319014216925685E-02  2.300E-03  WETZTROPRESO    
 173537700.0000  0.100000000000000      5.485809909795585E-02  2.464E-03  WETZTROPRESO    
 173538000.0000  0.100000000000000      5.537421037906554E-02  2.586E-03  WETZTROPRESO    
 173538300.0000  0.100000000000000      5.538927834560399E-02  2.673E-03  WETZTROPRESO    
 173538600.0000  0.100000000000000      5.674916370630849E-02  2.665E-03  WETZTROPRESO    
 173538900.0000  0.100000000000000      5.741180548711845E-02  2.503E-03  WETZTROPRESO    
 173539200.0000  0.100000000000000      5.813241637257410E-02  2.011E-03  WETZTROPRESO    
 173539500.0000  0.100000000000000      5.841332646004795E-02  2.061E-03  WETZTROPRESO    
 173539800.0000  0.100000000000000      5.689157005254001E-02  2.434E-03  WETZTROPRESO    
 173540100.0000  0.100000000000000      5.699033976394977E-02  2.647E-03  WETZTROPRESO    
 173540400.0000  0.100000000000000      5.703943326654093E-02  2.725E-03  WETZTROPRESO    
 173540700.0000  0.100000000000000      5.775150645326250E-02  2.518E-03  WETZTROPRESO    
 173541000.0000  0.100000000000000      5.822500027448629E-02  2.733E-03  WETZTROPRESO    
 173541300.0000  0.100000000000000      5.813499364070098E-02  2.905E-03  WETZTROPRESO    
 173541600.0000  0.100000000000000      5.616727202782531E-02  2.956E-03  WETZTROPRESO    
 173541900.0000  0.100000000000000      5.629372253051444E-02  2.875E-03  WETZTROPRESO    
 173542200.0000  0.100000000000000      5.717818196753503E-02  2.688E-03  WETZTROPRESO    
 173542500.0000  0.100000000000000      5.734034962681301E-02  2.443E-03  WETZTROPRESO    
 173542800.0000  0.100000000000000      5.790047085882137E-02  2.185E-03  WETZTROPRESO    
 173543100.0000  0.100000000000000      5.765741275599934E-02  1.984E-03  WETZTROPRESO    
 173543400.0000  0.100000000000000      5.741599306516965E-02  2.462E-03  WETZTROPRESO    
 173543700.0000  0.100000000000000      5.698255622140650E-02  2.236E-03  WETZTROPRESO    
 173544000.0000  0.100000000000000      5.764429318244872E-02  2.332E-03  WETZTROPRESO    
 173544300.0000  0.100000000000000      5.707924986639536E-02  2.554E-03  WETZTROPRESO    
 173544600.0000  0.100000000000000      5.674332894516250E-02  2.626E-03  WETZTROPRESO    
 173544900.0000  0.100000000000000      5.647865725563827E-02  2.491E-03  WETZTROPRESO    
 173545200.0000  0.100000000000000      5.615728293332420E-02  2.543E-03  WETZTROPRESO    
 173545500.0000  0.100000000000000      5.704802959477989E-02  2.581E-03  WETZTROPRESO    
 173545800.0000  0.100000000000000      5.722012987133620E-02  2.580E-03  WETZTROPRESO    
 173546100.0000  0.100000000000000      5.657201339491159E-02  2.616E-03  WETZTROPRESO    
 173546400.0000  0.100000000000000      5.615329094161817E-02  3.132E-03  WETZTROPRESO    
 173546700.0000  0.100000000000000      5.556276798192705E-02  3.352E-03  WETZTROPRESO    
 173547000.0000  0.100000000000000      5.546051425603024E-02  3.156E-03  WETZTROPRESO    
 173547300.0000  0.100000000000000      5.625924790207775E-02  2.570E-03  WETZTROPRESO    
 173547600.0000  0.100000000000000      5.744685474775412E-02  2.569E-03  WETZTROPRESO    
 173547900.0000  0.100000000000000      5.630484343230231E-02  2.571E-03  WETZTROPRESO    
 173548200.0000  0.100000000000000      5.637000244151006E-02  2.334E-03  WETZTROPRESO    
 173548500.0000  0.100000000000000      5.579702082910920E-02  2.641E-03  WETZTROPRESO    
 173548800.0000  0.100000000000000      5.649931373365631E-02  2.572E-03  WETZTROPRESO    
 173549100.0000  0.100000000000000      5.545755969548243E-02  2.578E-03  WETZTROPRESO    
 173549400.0000  0.100000000000000      5.492837491489958E-02  2.532E-03  WETZTROPRESO    
 173549700.0000  0.100000000000000      5.400505211660092E-02  2.437E-03  WETZTROPRESO    
 173550000.0000  0.100000000000000      5.572650449338263E-02  2.440E-03  WETZTROPRESO    
 173550300.0000  0.100000000000000      5.769558752257312E-02  2.276E-03  WETZTROPRESO    
 173550600.0000  0.100000000000000      5.723122781929377E-02  1.941E-03  WETZTROPRESO    
 173550900.0000  0.100000000000000      5.628550771668098E-02  2.080E-03  WETZTROPRESO    
 173551200.0000  0.100000000000000      5.576601408745745E-02  2.404E-03  WETZTROPRESO    
 173551500.0000  0.100000000000000      5.323539497277333E-02  2.662E-03  WETZTROPRESO    
 173551800.0000  0.100000000000000      5.422111155525971E-02  2.839E-03  WETZTROPRESO    
 173552100.0000  0.100000000000000      5.499841934854845E-02  2.876E-03  WETZTROPRESO    
 173552400.0000  0.100000000000000      5.488362875644735E-02  2.662E-03  WETZTROPRESO    
 173552700.0000  0.100000000000000      5.588768681766552E-02  2.627E-03  WETZTROPRESO    
 173553000.0000  0.100000000000000      5.733327814710899E-02  2.533E-03  WETZTROPRESO    
 173553300.0000  0.100000000000000      5.620377845696311E-02  2.365E-03  WETZTROPRESO    
 173553600.0000  0.100000000000000      5.760970438645494E-02  2.218E-03  WETZTROPRESO    
 173553900.0000  0.100000000000000      5.860040462904111E-02  1.996E-03  WETZTROPRESO    
 173554200.0000  0.100000000000000      5.895936465332757E-02  1.847E-03  WETZTROPRESO    
 173554500.0000  0.100000000000000      5.595954441605712E-02  2.011E-03  WETZTROPRESO    
 173554800.0000  0.100000000000000      5.579700046936412E-02  2.308E-03  WETZTROPRESO    
 173555100.0000  0.100000000000000      5.498082043193667E-02  2.067E-03  WETZTROPRESO    
 173555400.0000  0.100000000000000      5.527826151007673E-02  2.059E-03  WETZTROPRESO    
 173555700.0000  0.100000000000000      5.679743174716629E-02  2.479E-03  WETZTROPRESO    
 173556000.0000  0.100000000000000      5.716588467653577E-02  2.584E-03  WETZTROPRESO    
 173556300.0000  0.100000000000000      5.703082488320212E-02  2.445E-03  WETZTROPRESO    
 173556600.0000  0.100000000000000      5.627896326749511E-02  2.469E-03  WETZTROPRESO    
 173556900.0000  0.100000000000000      5.612993638079473E-02  2.453E-03  WETZTROPRESO    
 173557200.0000  0.100000000000000      5.914109112108462E-02  2.360E-03  WETZTROPRESO    
 173557500.0000  0.100000000000000      6.107916555212185E-02  2.178E-03  WETZTROPRESO    
 173557800.0000  0.100000000000000      5.899217669015748E-02  2.042E-03  WETZTROPRESO    
 173558100.0000  0.100000000000000      5.610366424564214E-02  2.146E-03  WETZTROPRESO    
 173558400.0000  0.100000000000000      5.519178951428889E-02  1.963E-03  WETZTROPRESO    
 173558700.0000  0.100000000000000      5.677219299277013E-02  2.150E-03  WETZTROPRESO    
 173559000.0000  0.100000000000000      5.888025177146693E-02  2.238E-03  WETZTROPRESO    
 173559300.0000  0.100000000000000      5.899865603717014E-02  1.809E-03  WETZTROPRESO    
 173559600.0000  0.100000000000000      5.910568309613685E-02  1.998E-03  WETZTROPRESO    
 173559900.0000  0.100000000000000      6.025920037614941E-02  2.207E-03  WETZTROPRESO    
 173560200.0000  0.100000000000000      6.018341400889374E-02  2.360E-03  WETZTROPRESO    
 173560500.0000  0.100000000000000      5.940809418476557E-02  2.430E-03  WETZTROPRESO    
 173560800.0000  0.100000000000000      6.005812097547401E-02  2.459E-03  WETZTROPRESO    
 173561100.0000  0.100000000000000      5.984852369931369E-02  2.761E-03  WETZTROPRESO    
 173561400.0000  0.100000000000000      5.933472053288085E-02  2.831E-03  WETZTROPRESO    
 173561700.0000  0.100000000000000      5.858017420146780E-02  2.774E-03  WETZTROPRESO    
 173562000.0000  0.100000000000000      5.580422520473065E-02  2.642E-03  WETZTROPRESO    
 173562300.0000  0.100000000000000      5.647510041636719E-02  2.515E-03  WETZTROPRESO    
 173562600.0000  0.100000000000000      5.480606487019488E-02  2.783E-03  WETZTROPRESO    
 173562900.0000  0.100000000000000      5.306143453265588E-02  2.381E-03  WETZTROPRESO    
 173563200.0000  0.100000000000000      5.532646957304568E-02  2.485E-03  WETZTROPRESO    
 173563500.0000  0.100000000000000      5.606186955046305E-02  2.589E-03  WETZTROPRESO    
 173563800.0000  0.100000000000000      5.844321753224888E-02  2.644E-03  WETZTROPRESO    
 173564100.0000  0.100000000000000      6.105219445216663E-02  2.144E-03  WETZTROPRESO    
 173564400.0000  0.100000000000000      6.120909959092601E-02  2.110E-03  WETZTROPRESO    
 173564700.0000  0.100000000000000      6.001759540592710E-02  1.845E-03  WETZTROPRESO    
 173565000.0000  0.100000000000000      5.839301456836647E-02  1.988E-03  WETZTROPRESO    
 173565300.0000  0.100000000000000      5.787321494764511E-02  1.972E-03  WETZTROPRESO    
 173565600.0000  0.100000000000000      5.941908417345922E-02  2.323E-03  WETZTROPRESO    
 173565900.0000  0.100000000000000      6.025566578123502E-02  2.662E-03  WETZTROPRESO    
 173566200.0000  0.100000000000000      5.826435375938381E-02  2.698E-03  WETZTROPRESO    
 173566500.0000  0.100000000000000      5.920961099477826E-02  2.775E-03  WETZTROPRESO    
 173566800.0000  0.100000000000000      5.993717763218278E-02  2.451E-03  WETZTROPRESO    
 173567100.0000  0.100000000000000      6.077371534446836E-02  2.534E-03  WETZTROPRESO    
 173567400.0000  0.100000000000000      6.084707818559508E-02  2.619E-03  WETZTROPRESO    
 173567700.0000  0.100000000000000      6.016863350556072E-02  2.637E-03  WETZTROPRESO    
 173568000.0000  0.100000000000000      6.114727507143677E-02  2.569E-03  WETZTROPRESO    
 173568300.0000  0.100000000000000      6.157710053610210E-02  2.420E-03  WETZTROPRESO    
 173568600.0000  0.100000000000000      6.237344367306775E-02  2.211E-03  WETZTROPRESO    
 173568900.0000  0.100000000000000      6.490316925443559E-02  1.968E-03  WETZTROPRESO    
 173569200.0000  0.100000000000000      6.603388174935276E-02  1.959E-03  WETZTROPRESO    
 173569500.0000  0.100000000000000      6.502271120588538E-02  1.867E-03  WETZTROPRESO    
 173569800.0000  0.100000000000000      6.402194696114957E-02  2.116E-03  WETZTROPRESO    
 173570100.0000  0.100000000000000      6.370359940640762E-02  2.227E-03  WETZTROPRESO    
 173570400.0000  0.100000000000000      6.499866340257335E-02  2.238E-03  WETZTROPRESO    
 173570700.0000  0.100000000000000      6.645495550215842E-02  2.305E-03  WETZTROPRESO    
 173571000.0000  0.100000000000000      6.515488027984057E-02  2.175E-03  WETZTROPRESO    
 173571300.0000  0.100000000000000      6.397174902413839E-02  2.209E-03  WETZTROPRESO    
 173571600.0000  0.100000000000000      6.287817682080027E-02  2.474E-03  WETZTROPRESO    
 173571900.0000  0.100000000000000      6.424824301069348E-02  2.692E-03  WETZTROPRESO    
 173572200.0000  0.100000000000000      6.567526680153304E-02  2.835E-03  WETZTROPRESO    
 173572500.0000  0.100000000000000      6.655085701679003E-02  2.876E-03  WETZTROPRESO    
 173572800.0000  0.100000000000000      6.639538179668761E-02  2.812E-03  WETZTROPRESO    
 173573100.0000  0.100000000000000      6.460257915487276E-02  2.675E-03  WETZTROPRESO    
 173573400.0000  0.100000000000000      6.508006707837644E-02  2.566E-03  WETZTROPRESO    
 173573700.0000  0.100000000000000      6.627855262219665E-02  2.980E-03  WETZTROPRESO    
 173574000.0000  0.100000000000000      6.659344328345007E-02  3.061E-03  WETZTROPRESO    
 173574300.0000  0.100000000000000      6.757699754133806E-02  2.990E-03  WETZTROPRESO    
 173574600.0000  0.100000000000000      6.673629521630436E-02  2.874E-03  WETZTROPRESO    
 173574900.0000  0.100000000000000      6.569608952873984E-02  2.324E-03  WETZTROPRESO    
 173575200.0000  0.100000000000000      6.591214120236497E-02  2.261E-03  WETZTROPRESO    
 173575500.0000  0.100000000000000      6.572093604522933E-02  2.312E-03  WETZTROPRESO    
 173575800.0000  0.100000000000000      6.390814894707583E-02  2.224E-03  WETZTROPRESO    
 173576100.0000  0.100000000000000      6.415350730272297E-02  2.281E-03  WETZTROPRESO    
 173576400.0000  0.100000000000000      6.489910071285573E-02  2.546E-03  WETZTROPRESO    
 173576700.0000  0.100000000000000      6.451448987498612E-02  2.709E-03  WETZTROPRESO    
 173577000.0000  0.100000000000000      6.480825466635705E-02  2.074E-03  WETZTROPRESO    
 173577300.0000  0.100000000000000      6.452998834293217E-02  2.165E-03  WETZTROPRESO    
 173577600.0000  0.100000000000000      6.580499487758035E-02  2.158E-03  WETZTROPRESO    
 173577900.0000  0.100000000000000      6.488502479779872E-02  1.976E-03  WETZTROPRESO    
 173578200.0000  0.100000000000000      6.400580492204704E-02  2.314E-03  WETZTROPRESO    
 173578500.0000  0.100000000000000      6.428574015914620E-02  2.549E-03  WETZTROPRESO    
 173578800.0000  0.100000000000000      6.655834778927566E-02  2.731E-03  WETZTROPRESO    
 173579100.0000  0.100000000000000      6.591297964506787E-02  2.829E-03  WETZTROPRESO    
 173579400.0000  0.100000000000000      6.712962584284242E-02  2.767E-03  WETZTROPRESO    
 173579700.0000  0.100000000000000      6.821521971413634E-02  2.359E-03  WETZTROPRESO    
 173580000.0000  0.100000000000000      6.770060228619160E-02  2.431E-03  WETZTROPRESO    
 173580300.0000  0.100000000000000      6.818367959800932E-02  2.480E-03  WETZTROPRESO    
 173580600.0000  0.100000000000000      6.897499109345989E-02  2.453E-03  WETZTROPRESO    
 173580900.0000  0.100000000000000      6.721956345681457E-02  2.466E-03  WETZTROPRESO    
 173581200.0000  0.100000000000000      6.719016736323279E-02  2.080E-03  WETZTROPRESO    
 173581500.0000  0.100000000000000      6.577350598830103E-02  1.961E-03  WETZTROPRESO    
 173581800.0000  0.100000000000000      6.274195874846174E-02  1.921E-03  WETZTROPRESO    
 173582100.0000  0.100000000000000      6.477545601799434E-02  2.188E-03  WETZTROPRESO    
 173582400.0000  0.100000000000000      6.447876572054702E-02  2.417E-03  WETZTROPRESO    
 173582700.0000  0.100000000000000      6.470449958130534E-02  2.512E-03  WETZTROPRESO    
 173583000.0000  0.100000000000000      6.534094486886312E-02  2.353E-03  WETZTROPRESO    
 173583300.0000  0.100000000000000      6.585894393042548E-02  2.452E-03  WETZTROPRESO    
 173583600.0000  0.100000000000000      6.563372232048909E-02  2.387E-03  WETZTROPRESO    
 173583900.0000  0.100000000000000      6.450002663258877E-02  2.650E-03  WETZTROPRESO    
 173584200.0000  0.100000000000000      6.491147609590792E-02  2.752E-03  WETZTROPRESO    
 173584500.0000  0.100000000000000      6.407221654304607E-02  2.843E-03  WETZTROPRESO    
 173584800.0000  0.100000000000000      6.320980976014068E-02  3.062E-03  WETZTROPRESO    
 173585100.0000  0.100000000000000      6.346330127411612E-02  3.107E-03  WETZTROPRESO    
 173585400.0000  0.100000000000000      6.247520589229434E-02  2.881E-03  WETZTROPRESO    
 173585700.0000  0.100000000000000      6.287900925886396E-02  2.810E-03  WETZTROPRESO    
 173586000.0000  0.100000000000000      6.303088465972859E-02  2.596E-03  WETZTROPRESO    
 173586300.0000  0.100000000000000      6.186859665919827E-02  2.174E-03  WETZTROPRESO    
 173586600.0000  0.100000000000000      6.245747183638235E-02  2.103E-03  WETZTROPRESO    
 173586900.0000  0.100000000000000      6.368660670477183E-02  2.277E-03  WETZTROPRESO    
 173587200.0000  0.100000000000000      6.662596314760152E-02  2.236E-03  WETZTROPRESO    
 173587500.0000  0.100000000000000      6.646931121047431E-02  2.169E-03  WETZTROPRESO    
 173587800.0000  0.100000000000000      6.676430080215004E-02  2.257E-03  WETZTROPRESO    
 173588100.0000  0.100000000000000      6.540848456897508E-02  2.345E-03  WETZTROPRESO    
 173588400.0000  0.100000000000000      6.547567498955038E-02  2.392E-03  WETZTROPRESO    
 173588700.0000  0.100000000000000      6.511589552206480E-02  2.447E-03  WETZTROPRESO    
 173589000.0000  0.100000000000000      6.539965812626541E-02  2.872E-03  WETZTROPRESO    
 173589300.0000  0.100000000000000      6.632624748495150E-02  2.881E-03  WETZTROPRESO    
 173589600.0000  0.100000000000000      6.708531682141994E-02  2.397E-03  WETZTROPRESO    
 173589900.0000  0.100000000000000      6.395817955828448E-02  2.487E-03  WETZTROPRESO    
 173590200.0000  0.100000000000000      6.390888350222787E-02  2.620E-03  WETZTROPRESO    
 173590500.0000  0.100000000000000      6.359144302452967E-02  2.736E-03  WETZTROPRESO    
 173590800.0000  0.100000000000000      6.336638357730040E-02  2.815E-03  WETZTROPRESO    
 173591100.0000  0.100000000000000      6.326574656080507E-02  2.842E-03  WETZTROPRESO    
 173591400.0000  0.100000000000000      6.568680761246652E-02  2.807E-03  WETZTROPRESO    
 173591700.0000  0.100000000000000      6.636972350031695E-02  2.703E-03  WETZTROPRESO    
 173592000.0000  0.100000000000000      6.764739390477692E-02  2.499E-03  WETZTROPRESO    
 173592300.0000  0.100000000000000      6.840276379706192E-02  2.449E-03  WETZTROPRESO    
 173592600.0000  0.100000000000000      6.761665046490065E-02  2.379E-03  WETZTROPRESO    
 173592900.0000  0.100000000000000      6.601876723042679E-02  2.826E-03  WETZTROPRESO    
 173593200.0000  0.100000000000000      6.646555567629495E-02  3.040E-03  WETZTROPRESO    
 173593500.0000  0.100000000000000      6.501527106980193E-02  3.035E-03  WETZTROPRESO    
 173593800.0000  0.100000000000000      6.539622699007208E-02  2.837E-03  WETZTROPRESO    
 173594100.0000  0.100000000000000      6.232596975659962E-02  2.555E-03  WETZTROPRESO    
 173594400.0000  0.100000000000000      5.926222449547239E-02  2.510E-03  WETZTROPRESO    
 173594700.0000  0.100000000000000      5.796878467182730E-02  2.317E-03  WETZTROPRESO    
 173595000.0000  0.100000000000000      5.613831814046395E-02  2.059E-03  WETZTROPRESO    
 173595300.0000  0.100000000000000      5.692265478653268E-02  2.046E-03  WETZTROPRESO    
 173595600.0000  0.100000000000000      5.847454354165128E-02  2.133E-03  WETZTROPRESO    
 173595900.0000  0.100000000000000      5.905071479933040E-02  2.451E-03  WETZTROPRESO    
 173596200.0000  0.100000000000000      5.923819709251477E-02  2.570E-03  WETZTROPRESO    
 173596500.0000  0.100000000000000      5.823321005136085E-02  2.478E-03  WETZTROPRESO    
 173596800.0000  0.100000000000000      5.772108692164806E-02  2.423E-03  WETZTROPRESO    
 173597100.0000  0.100000000000000      5.898262103215943E-02  2.878E-03  WETZTROPRESO    
 173597400.0000  0.100000000000000      5.967372499346360E-02  3.085E-03  WETZTROPRESO    
 173597700.0000  0.100000000000000      6.035702747162430E-02  3.023E-03  WETZTROPRESO    
 173598000.0000  0.100000000000000      6.164550309769409E-02  2.743E-03  WETZTROPRESO    
 173598300.0000  0.100000000000000      6.010175259933580E-02  2.654E-03  WETZTROPRESO    
 173598600.0000  0.100000000000000      5.972159483706812E-02  2.442E-03  WETZTROPRESO    
 173598900.0000  0.100000000000000      5.856820904046247E-02  1.961E-03  WETZTROPRESO    
 173599200.0000  0.100000000000000      6.109092953049233E-02  1.988E-03  WETZTROPRESO    
 173599500.0000  0.100000000000000      5.714651595040800E-02  2.140E-03  WETZTROPRESO    
 173599800.0000  0.100000000000000      5.621288997364524E-02  1.955E-03  WETZTROPRESO    
 173600100.0000  0.100000000000000      5.652415921449844E-02  2.031E-03  WETZTROPRESO    
 173600400.0000  0.100000000000000      5.796608354686156E-02  2.523E-03  WETZTROPRESO    
 173600700.0000  0.100000000000000      5.738210754896072E-02  2.814E-03  WETZTROPRESO    
 173601000.0000  0.100000000000000      5.659508697047515E-02  3.034E-03  WETZTROPRESO    
 173601300.0000  0.100000000000000      5.704200703301463E-02  3.191E-03  WETZTROPRESO    
 173601600.0000  0.100000000000000      5.774809678356825E-02  3.273E-03  WETZTROPRESO    
 173601900.0000  0.100000000000000      5.840299085702295E-02  3.262E-03  WETZTROPRESO    
 173602200.0000  0.100000000000000      5.952583553073858E-02  3.058E-03  WETZTROPRESO    
 173602500.0000  0.100000000000000      6.071111043283295E-02  2.432E-03  WETZTROPRESO    
 173602800.0000  0.100000000000000      5.883852969631094E-02  2.146E-03  WETZTROPRESO    
 173603100.0000  0.100000000000000      5.799154062665220E-02  2.003E-03  WETZTROPRESO    
 173603400.0000  0.100000000000000      5.822790493352965E-02  2.142E-03  WETZTROPRESO    
 173603700.0000  0.100000000000000      5.688032397257695E-02  2.583E-03  WETZTROPRESO    
 173604000.0000  0.100000000000000      5.646544026092448E-02  2.712E-03  WETZTROPRESO    
 173604300.0000  0.100000000000000      5.772659797985702E-02  2.818E-03  WETZTROPRESO    
 173604600.0000  0.100000000000000      5.927020924937419E-02  2.782E-03  WETZTROPRESO    
 173604900.0000  0.100000000000000      6.036524401117681E-02  2.583E-03  WETZTROPRESO    
 173605200.0000  0.100000000000000      6.109193132628251E-02  2.748E-03  WETZTROPRESO    
 173605500.0000  0.100000000000000      6.134083922063858E-02  3.119E-03  WETZTROPRESO    
 173605800.0000  0.100000000000000      6.127766703602673E-02  3.208E-03  WETZTROPRESO    
 173606100.0000  0.100000000000000      6.089712598682008E-02  3.308E-03  WETZTROPRESO    
 173606400.0000  0.100000000000000      6.058169872231216E-02  3.249E-03  WETZTROPRESO    
 173606700.0000  0.100000000000000      6.071641158875419E-02  3.047E-03  WETZTROPRESO    
 173607000.0000  0.100000000000000      6.019581850644225E-02  2.519E-03  WETZTROPRESO    
 173607300.0000  0.100000000000000      5.841452120530360E-02  2.475E-03  WETZTROPRESO    
 173607600.0000  0.100000000000000      6.053479247986923E-02  2.434E-03  WETZTROPRESO    
 173607900.0000  0.100000000000000      5.907699653167005E-02  2.420E-03  WETZTROPRESO    
 173608200.0000  0.100000000000000      5.740836757179146E-02  2.352E-03  WETZTROPRESO    
 173608500.0000  0.100000000000000      6.054992393821888E-02  2.695E-03  WETZTROPRESO    
 173608800.0000  0.100000000000000      6.182628410916114E-02  2.620E-03  WETZTROPRESO    
 173609100.0000  0.100000000000000      6.122723269543928E-02  2.448E-03  WETZTROPRESO    
 173609400.0000  0.100000000000000      6.161176089087127E-02  2.585E-03  WETZTROPRESO    
 173609700.0000  0.100000000000000      6.312240365029742E-02  2.737E-03  WETZTROPRESO    
 173610000.0000  0.100000000000000      6.192710223659456E-02  2.860E-03  WETZTROPRESO    
 173610300.0000  0.100000000000000      6.265329349253521E-02  2.929E-03  WETZTROPRESO    
 173610600.0000  0.100000000000000      6.303656332470098E-02  2.949E-03  WETZTROPRESO    
 173610900.0000  0.100000000000000      6.236420195165696E-02  2.846E-03  WETZTROPRESO    
 173611200.0000  0.100000000000000      5.983944582570645E-02  2.760E-03  WETZTROPRESO    
 173611500.0000  0.100000000000000      5.910642316891056E-02  2.854E-03  WETZTROPRESO    
 173611800.0000  0.100000000000000      6.082793371678132E-02  2.516E-03  WETZTROPRESO    
 173612100.0000  0.100000000000000      6.135580389516011E-02  2.398E-03  WETZTROPRESO    
 173612400.0000  0.100000000000000      6.090495137208502E-02  2.316E-03  WETZTROPRESO    
 173612700.0000  0.100000000000000      5.848152346569841E-02  2.480E-03  WETZTROPRESO    
 173613000.0000  0.100000000000000      5.974637022757859E-02  2.437E-03  WETZTROPRESO    
 173613300.0000  0.100000000000000      5.828462348824232E-02  2.693E-03  WETZTROPRESO    
 173613600.0000  0.100000000000000      5.864413177893598E-02  2.776E-03  WETZTROPRESO    
 173613900.0000  0.100000000000000      5.829529091112626E-02  2.710E-03  WETZTROPRESO    
 173614200.0000  0.100000000000000      5.866188124357636E-02  3.003E-03  WETZTROPRESO    
 173614500.0000  0.100000000000000      5.985187738218155E-02  3.186E-03  WETZTROPRESO    
 173614800.0000  0.100000000000000      5.860747161652386E-02  3.136E-03  WETZTROPRESO    
 173615100.0000  0.100000000000000      5.945780665380758E-02  3.175E-03  WETZTROPRESO    
 173615400.0000  0.100000000000000      5.909962977779507E-02  3.142E-03  WETZTROPRESO    
 173615700.0000  0.100000000000000      5.937355012016176E-02  3.197E-03  WETZTROPRESO    
 173616000.0000  0.100000000000000      5.965075571261312E-02  3.384E-03  WETZTROPRESO    
 173616300.0000  0.100000000000000      5.981583911459783E-02  3.296E-03  WETZTROPRESO    
 173616600.0000  0.100000000000000      5.909719291523592E-02  3.018E-03  WETZTROPRESO    
 173616900.0000  0.100000000000000      5.816512253072424E-02  3.094E-03  WETZTROPRESO    
 173617200.0000  0.100000000000000      5.501012330617345E-02  3.176E-03  WETZTROPRESO    
 173617500.0000  0.100000000000000      5.380806733370234E-02  3.170E-03  WETZTROPRESO    
 173617800.0000  0.100000000000000      5.457345608804317E-02  3.528E-03  WETZTROPRESO    
 173618100.0000  0.100000000000000      5.782407075007185E-02  3.512E-03  WETZTROPRESO    
 173618400.0000  0.100000000000000      5.835874485129826E-02  3.566E-03  WETZTROPRESO    
 173618700.0000  0.100000000000000      5.895604118510784E-02  3.498E-03  WETZTROPRESO    
 173619000.0000  0.100000000000000      6.025799287347895E-02  3.365E-03  WETZTROPRESO    
 173619300.0000  0.100000000000000      6.142856933002006E-02  3.223E-03  WETZTROPRESO    
 173619600.0000  0.100000000000000      6.188489568793978E-02  3.279E-03  WETZTROPRESO    
 173619900.0000  0.100000000000000      6.170636382279616E-02  3.444E-03  WETZTROPRESO    
 173620200.0000  0.100000000000000      6.296023850204664E-02  3.593E-03  WETZTROPRESO    
 173620500.0000  0.100000000000000      6.321986839566290E-02  4.049E-03  WETZTROPRESO    
