 173793600.0000  0.100000000000000      5.594416540583573E-02  3.646E-03  WETZTROPRESO    
 173793900.0000  0.100000000000000      5.619861347994184E-02  3.257E-03  WETZTROPRESO    
 173794200.0000  0.100000000000000      5.349039805477834E-02  2.504E-03  WETZTROPRESO    
 173794500.0000  0.100000000000000      5.648527244911675E-02  2.521E-03  WETZTROPRESO    
 173794800.0000  0.100000000000000      5.682245765513789E-02  2.443E-03  WETZTROPRESO    
 173795100.0000  0.100000000000000      5.633192001324969E-02  2.513E-03  WETZTROPRESO    
 173795400.0000  0.100000000000000      5.691698503900824E-02  2.533E-03  WETZTROPRESO    
 173795700.0000  0.100000000000000      5.682770661734573E-02  2.460E-03  WETZTROPRESO    
 173796000.0000  0.100000000000000      5.671862956115255E-02  2.299E-03  WETZTROPRESO    
 173796300.0000  0.100000000000000      5.657161552685890E-02  2.377E-03  WETZTROPRESO    
 173796600.0000  0.100000000000000      5.720045362654982E-02  2.566E-03  WETZTROPRESO    
 173796900.0000  0.100000000000000      5.697777651164799E-02  2.704E-03  WETZTROPRESO    
 173797200.0000  0.100000000000000      5.769670392456144E-02  2.676E-03  WETZTROPRESO    
 173797500.0000  0.100000000000000      5.755225083211613E-02  2.294E-03  WETZTROPRESO    
 173797800.0000  0.100000000000000      5.703622397852474E-02  2.236E-03  WETZTROPRESO    
 173798100.0000  0.100000000000000      5.603165185314630E-02  2.041E-03  WETZTROPRESO    
 173798400.0000  0.100000000000000      5.613782068336724E-02  2.405E-03  WETZTROPRESO    
 173798700.0000  0.100000000000000      5.424937217196744E-02  2.500E-03  WETZTROPRESO    
 173799000.0000  0.100000000000000      5.313498681283831E-02  2.205E-03  WETZTROPRESO    
 173799300.0000  0.100000000000000      5.506836536839283E-02  2.396E-03  WETZTROPRESO    
 173799600.0000  0.100000000000000      5.537144201133935E-02  2.585E-03  WETZTROPRESO    
 173799900.0000  0.100000000000000      5.627986664845355E-02  2.735E-03  WETZTROPRESO    
 173800200.0000  0.100000000000000      5.531962633789456E-02  2.872E-03  WETZTROPRESO    
 173800500.0000  0.100000000000000      5.469106285251522E-02  2.798E-03  WETZTROPRESO    
 173800800.0000  0.100000000000000      5.516004342480110E-02  2.685E-03  WETZTROPRESO    
 173801100.0000  0.100000000000000      5.571134895296366E-02  2.535E-03  WETZTROPRESO    
 173801400.0000  0.100000000000000      5.604558213885896E-02  2.562E-03  WETZTROPRESO    
 173801700.0000  0.100000000000000      5.745919132462490E-02  2.292E-03  WETZTROPRESO    
 173802000.0000  0.100000000000000      5.691695523372219E-02  2.465E-03  WETZTROPRESO    
 173802300.0000  0.100000000000000      5.656626236039324E-02  2.317E-03  WETZTROPRESO    
 173802600.0000  0.100000000000000      5.680493784086990E-02  2.376E-03  WETZTROPRESO    
 173802900.0000  0.100000000000000      5.852090745605450E-02  2.593E-03  WETZTROPRESO    
 173803200.0000  0.100000000000000      5.918880971947737E-02  2.560E-03  WETZTROPRESO    
 173803500.0000  0.100000000000000      5.970929669278171E-02  2.513E-03  WETZTROPRESO    
 173803800.0000  0.100000000000000      6.168392634588448E-02  2.561E-03  WETZTROPRESO    
 173804100.0000  0.100000000000000      6.139760603975025E-02  2.575E-03  WETZTROPRESO    
 173804400.0000  0.100000000000000      6.070564956103319E-02  2.548E-03  WETZTROPRESO    
 173804700.0000  0.100000000000000      6.144886702907764E-02  2.559E-03  WETZTROPRESO    
 173805000.0000  0.100000000000000      6.321476187891439E-02  3.125E-03  WETZTROPRESO    
 173805300.0000  0.100000000000000      6.368011972334636E-02  3.366E-03  WETZTROPRESO    
 173805600.0000  0.100000000000000      6.446188282746937E-02  3.431E-03  WETZTROPRESO    
 173805900.0000  0.100000000000000      6.470710029128872E-02  3.340E-03  WETZTROPRESO    
 173806200.0000  0.100000000000000      6.383787531269638E-02  3.049E-03  WETZTROPRESO    
 173806500.0000  0.100000000000000      6.450249545924343E-02  2.376E-03  WETZTROPRESO    
 173806800.0000  0.100000000000000      6.610147345436465E-02  2.470E-03  WETZTROPRESO    
 173807100.0000  0.100000000000000      6.529491614746827E-02  2.612E-03  WETZTROPRESO    
 173807400.0000  0.100000000000000      6.639144809642768E-02  2.745E-03  WETZTROPRESO    
 173807700.0000  0.100000000000000      6.605920031469567E-02  2.784E-03  WETZTROPRESO    
 173808000.0000  0.100000000000000      6.708141000624188E-02  2.770E-03  WETZTROPRESO    
 173808300.0000  0.100000000000000      6.806035684175835E-02  2.793E-03  WETZTROPRESO    
 173808600.0000  0.100000000000000      6.828514195730370E-02  2.806E-03  WETZTROPRESO    
 173808900.0000  0.100000000000000      6.781151424779061E-02  2.590E-03  WETZTROPRESO    
 173809200.0000  0.100000000000000      7.091695552690891E-02  2.587E-03  WETZTROPRESO    
 173809500.0000  0.100000000000000      7.206753386881669E-02  2.942E-03  WETZTROPRESO    
 173809800.0000  0.100000000000000      7.434023215009983E-02  2.770E-03  WETZTROPRESO    
 173810100.0000  0.100000000000000      7.399502449996309E-02  2.891E-03  WETZTROPRESO    
 173810400.0000  0.100000000000000      7.357736449206728E-02  2.914E-03  WETZTROPRESO    
 173810700.0000  0.100000000000000      7.431285061387513E-02  2.667E-03  WETZTROPRESO    
 173811000.0000  0.100000000000000      7.482465118874251E-02  2.674E-03  WETZTROPRESO    
 173811300.0000  0.100000000000000      7.319610854714254E-02  2.590E-03  WETZTROPRESO    
 173811600.0000  0.100000000000000      7.362864975527209E-02  2.442E-03  WETZTROPRESO    
 173811900.0000  0.100000000000000      7.503031368131757E-02  2.231E-03  WETZTROPRESO    
 173812200.0000  0.100000000000000      7.514251625757755E-02  1.997E-03  WETZTROPRESO    
 173812500.0000  0.100000000000000      7.517713014023836E-02  1.876E-03  WETZTROPRESO    
 173812800.0000  0.100000000000000      7.523011186886525E-02  1.936E-03  WETZTROPRESO    
 173813100.0000  0.100000000000000      7.526379366328786E-02  2.331E-03  WETZTROPRESO    
 173813400.0000  0.100000000000000      7.640350351739120E-02  2.050E-03  WETZTROPRESO    
 173813700.0000  0.100000000000000      7.881214977108332E-02  2.088E-03  WETZTROPRESO    
 173814000.0000  0.100000000000000      7.861036427010550E-02  2.464E-03  WETZTROPRESO    
 173814300.0000  0.100000000000000      7.739856075282552E-02  2.616E-03  WETZTROPRESO    
 173814600.0000  0.100000000000000      7.742144521868273E-02  2.642E-03  WETZTROPRESO    
 173814900.0000  0.100000000000000      7.578825892007955E-02  2.492E-03  WETZTROPRESO    
 173815200.0000  0.100000000000000      7.850648790379189E-02  2.491E-03  WETZTROPRESO    
 173815500.0000  0.100000000000000      7.681696393837852E-02  2.463E-03  WETZTROPRESO    
 173815800.0000  0.100000000000000      7.679034767425322E-02  2.389E-03  WETZTROPRESO    
 173816100.0000  0.100000000000000      7.494656850824102E-02  2.308E-03  WETZTROPRESO    
 173816400.0000  0.100000000000000      7.650188249015569E-02  2.613E-03  WETZTROPRESO    
 173816700.0000  0.100000000000000      7.611208057200911E-02  1.931E-03  WETZTROPRESO    
 173817000.0000  0.100000000000000      7.580459440994634E-02  2.065E-03  WETZTROPRESO    
 173817300.0000  0.100000000000000      7.334704989536929E-02  2.254E-03  WETZTROPRESO    
 173817600.0000  0.100000000000000      7.244744889024324E-02  2.328E-03  WETZTROPRESO    
 173817900.0000  0.100000000000000      7.233994648236158E-02  1.938E-03  WETZTROPRESO    
 173818200.0000  0.100000000000000      7.366751868947108E-02  2.108E-03  WETZTROPRESO    
 173818500.0000  0.100000000000000      7.100785619824759E-02  2.315E-03  WETZTROPRESO    
 173818800.0000  0.100000000000000      7.102458428647668E-02  2.552E-03  WETZTROPRESO    
 173819100.0000  0.100000000000000      7.107486891746376E-02  2.731E-03  WETZTROPRESO    
 173819400.0000  0.100000000000000      7.064415263546345E-02  2.755E-03  WETZTROPRESO    
 173819700.0000  0.100000000000000      6.889600122139013E-02  2.582E-03  WETZTROPRESO    
 173820000.0000  0.100000000000000      6.797237740275448E-02  2.744E-03  WETZTROPRESO    
 173820300.0000  0.100000000000000      6.812401467039496E-02  2.701E-03  WETZTROPRESO    
 173820600.0000  0.100000000000000      6.710976108407748E-02  2.566E-03  WETZTROPRESO    
 173820900.0000  0.100000000000000      6.438745205285670E-02  2.437E-03  WETZTROPRESO    
 173821200.0000  0.100000000000000      6.470844881980793E-02  2.777E-03  WETZTROPRESO    
 173821500.0000  0.100000000000000      6.469806837407573E-02  2.451E-03  WETZTROPRESO    
 173821800.0000  0.100000000000000      6.691658109071587E-02  2.541E-03  WETZTROPRESO    
 173822100.0000  0.100000000000000      6.884059988029553E-02  2.606E-03  WETZTROPRESO    
 173822400.0000  0.100000000000000      6.940660110759309E-02  2.550E-03  WETZTROPRESO    
 173822700.0000  0.100000000000000      6.929641861026133E-02  2.238E-03  WETZTROPRESO    
 173823000.0000  0.100000000000000      7.003327101036748E-02  2.328E-03  WETZTROPRESO    
 173823300.0000  0.100000000000000      7.341787038602383E-02  2.263E-03  WETZTROPRESO    
 173823600.0000  0.100000000000000      7.300650360455425E-02  1.910E-03  WETZTROPRESO    
 173823900.0000  0.100000000000000      7.524108555316106E-02  1.935E-03  WETZTROPRESO    
 173824200.0000  0.100000000000000      7.536950270570567E-02  2.505E-03  WETZTROPRESO    
 173824500.0000  0.100000000000000      7.458192907849320E-02  2.775E-03  WETZTROPRESO    
 173824800.0000  0.100000000000000      7.460956764965426E-02  2.907E-03  WETZTROPRESO    
 173825100.0000  0.100000000000000      7.397521867314180E-02  2.875E-03  WETZTROPRESO    
 173825400.0000  0.100000000000000      7.386469208778074E-02  2.532E-03  WETZTROPRESO    
 173825700.0000  0.100000000000000      7.266360379775784E-02  2.576E-03  WETZTROPRESO    
 173826000.0000  0.100000000000000      7.373688991343305E-02  2.626E-03  WETZTROPRESO    
 173826300.0000  0.100000000000000      7.457372157248250E-02  2.606E-03  WETZTROPRESO    
 173826600.0000  0.100000000000000      7.461130679504380E-02  2.508E-03  WETZTROPRESO    
 173826900.0000  0.100000000000000      7.449495373954401E-02  2.374E-03  WETZTROPRESO    
 173827200.0000  0.100000000000000      7.077396977441151E-02  2.441E-03  WETZTROPRESO    
 173827500.0000  0.100000000000000      6.923004271213228E-02  1.983E-03  WETZTROPRESO    
 173827800.0000  0.100000000000000      6.754780044928550E-02  1.813E-03  WETZTROPRESO    
 173828100.0000  0.100000000000000      6.847736350271555E-02  1.978E-03  WETZTROPRESO    
 173828400.0000  0.100000000000000      6.544291665059680E-02  2.045E-03  WETZTROPRESO    
 173828700.0000  0.100000000000000      6.563796927596735E-02  2.275E-03  WETZTROPRESO    
 173829000.0000  0.100000000000000      6.331833850956939E-02  2.275E-03  WETZTROPRESO    
 173829300.0000  0.100000000000000      6.422906033902565E-02  2.170E-03  WETZTROPRESO    
 173829600.0000  0.100000000000000      6.397012243163830E-02  2.610E-03  WETZTROPRESO    
 173829900.0000  0.100000000000000      6.376774018050807E-02  2.404E-03  WETZTROPRESO    
 173830200.0000  0.100000000000000      6.338883659197289E-02  2.596E-03  WETZTROPRESO    
 173830500.0000  0.100000000000000      6.362258591036965E-02  2.775E-03  WETZTROPRESO    
 173830800.0000  0.100000000000000      6.458818999547589E-02  2.872E-03  WETZTROPRESO    
 173831100.0000  0.100000000000000      6.517841309231727E-02  2.864E-03  WETZTROPRESO    
 173831400.0000  0.100000000000000      6.680486368567634E-02  2.757E-03  WETZTROPRESO    
 173831700.0000  0.100000000000000      6.751653708925381E-02  2.588E-03  WETZTROPRESO    
 173832000.0000  0.100000000000000      6.789830610389481E-02  2.448E-03  WETZTROPRESO    
 173832300.0000  0.100000000000000      6.617154197171440E-02  2.875E-03  WETZTROPRESO    
 173832600.0000  0.100000000000000      6.507548197785903E-02  2.921E-03  WETZTROPRESO    
 173832900.0000  0.100000000000000      6.500645594945943E-02  2.756E-03  WETZTROPRESO    
 173833200.0000  0.100000000000000      6.423365994724387E-02  2.333E-03  WETZTROPRESO    
 173833500.0000  0.100000000000000      6.316056324476857E-02  2.466E-03  WETZTROPRESO    
 173833800.0000  0.100000000000000      6.255263167167954E-02  2.386E-03  WETZTROPRESO    
 173834100.0000  0.100000000000000      6.308893697820719E-02  2.269E-03  WETZTROPRESO    
 173834400.0000  0.100000000000000      6.515890433464894E-02  2.312E-03  WETZTROPRESO    
 173834700.0000  0.100000000000000      6.571609596500463E-02  2.524E-03  WETZTROPRESO    
 173835000.0000  0.100000000000000      6.749120174234960E-02  2.469E-03  WETZTROPRESO    
 173835300.0000  0.100000000000000      6.816652410965920E-02  2.298E-03  WETZTROPRESO    
 173835600.0000  0.100000000000000      6.614596186057931E-02  2.014E-03  WETZTROPRESO    
 173835900.0000  0.100000000000000      6.450847583072433E-02  2.170E-03  WETZTROPRESO    
 173836200.0000  0.100000000000000      6.273079821743049E-02  2.177E-03  WETZTROPRESO    
 173836500.0000  0.100000000000000      6.148416566228678E-02  2.232E-03  WETZTROPRESO    
 173836800.0000  0.100000000000000      6.215799360134625E-02  2.449E-03  WETZTROPRESO    
 173837100.0000  0.100000000000000      6.207426856505747E-02  2.659E-03  WETZTROPRESO    
 173837400.0000  0.100000000000000      6.363727610347632E-02  2.824E-03  WETZTROPRESO    
 173837700.0000  0.100000000000000      6.506420136651342E-02  2.904E-03  WETZTROPRESO    
 173838000.0000  0.100000000000000      6.584695233962047E-02  2.833E-03  WETZTROPRESO    
 173838300.0000  0.100000000000000      6.731227607946359E-02  2.465E-03  WETZTROPRESO    
 173838600.0000  0.100000000000000      6.948276578787399E-02  2.501E-03  WETZTROPRESO    
 173838900.0000  0.100000000000000      7.016326600757751E-02  2.513E-03  WETZTROPRESO    
 173839200.0000  0.100000000000000      7.106735811133993E-02  2.486E-03  WETZTROPRESO    
 173839500.0000  0.100000000000000      6.950535474152304E-02  2.679E-03  WETZTROPRESO    
 173839800.0000  0.100000000000000      6.750624240290451E-02  2.305E-03  WETZTROPRESO    
 173840100.0000  0.100000000000000      6.539385930321834E-02  1.980E-03  WETZTROPRESO    
 173840400.0000  0.100000000000000      6.454249566982009E-02  1.957E-03  WETZTROPRESO    
 173840700.0000  0.100000000000000      6.333779958712983E-02  2.337E-03  WETZTROPRESO    
 173841000.0000  0.100000000000000      6.211526677321064E-02  2.360E-03  WETZTROPRESO    
 173841300.0000  0.100000000000000      6.143307554620234E-02  2.170E-03  WETZTROPRESO    
 173841600.0000  0.100000000000000      6.324188221388097E-02  2.292E-03  WETZTROPRESO    
 173841900.0000  0.100000000000000      6.359978895781615E-02  2.181E-03  WETZTROPRESO    
 173842200.0000  0.100000000000000      6.439321973346265E-02  2.402E-03  WETZTROPRESO    
 173842500.0000  0.100000000000000      6.330257055898125E-02  2.654E-03  WETZTROPRESO    
 173842800.0000  0.100000000000000      6.291636339528484E-02  2.757E-03  WETZTROPRESO    
 173843100.0000  0.100000000000000      6.294150498430488E-02  2.664E-03  WETZTROPRESO    
 173843400.0000  0.100000000000000      6.193782638770392E-02  2.532E-03  WETZTROPRESO    
 173843700.0000  0.100000000000000      6.424355941849433E-02  2.428E-03  WETZTROPRESO    
 173844000.0000  0.100000000000000      6.446554976383580E-02  2.772E-03  WETZTROPRESO    
 173844300.0000  0.100000000000000      6.528126995640002E-02  2.898E-03  WETZTROPRESO    
 173844600.0000  0.100000000000000      6.580549976849689E-02  2.594E-03  WETZTROPRESO    
 173844900.0000  0.100000000000000      6.792491787945762E-02  2.370E-03  WETZTROPRESO    
 173845200.0000  0.100000000000000      6.437205610093193E-02  2.490E-03  WETZTROPRESO    
 173845500.0000  0.100000000000000      6.277037492509530E-02  2.491E-03  WETZTROPRESO    
 173845800.0000  0.100000000000000      5.959488775958144E-02  2.143E-03  WETZTROPRESO    
 173846100.0000  0.100000000000000      5.954304444798790E-02  2.228E-03  WETZTROPRESO    
 173846400.0000  0.100000000000000      5.874711854847972E-02  2.312E-03  WETZTROPRESO    
 173846700.0000  0.100000000000000      5.969619090027573E-02  2.357E-03  WETZTROPRESO    
 173847000.0000  0.100000000000000      5.822425005951744E-02  2.362E-03  WETZTROPRESO    
 173847300.0000  0.100000000000000      5.726458843086255E-02  2.386E-03  WETZTROPRESO    
 173847600.0000  0.100000000000000      5.852539682389252E-02  2.872E-03  WETZTROPRESO    
 173847900.0000  0.100000000000000      5.967039766346400E-02  2.902E-03  WETZTROPRESO    
 173848200.0000  0.100000000000000      6.051470688294424E-02  2.449E-03  WETZTROPRESO    
 173848500.0000  0.100000000000000      5.986116127722409E-02  2.521E-03  WETZTROPRESO    
 173848800.0000  0.100000000000000      5.783303747238640E-02  2.632E-03  WETZTROPRESO    
 173849100.0000  0.100000000000000      5.874002699118903E-02  2.709E-03  WETZTROPRESO    
 173849400.0000  0.100000000000000      5.663511958532742E-02  2.712E-03  WETZTROPRESO    
 173849700.0000  0.100000000000000      5.603802617445946E-02  2.583E-03  WETZTROPRESO    
 173850000.0000  0.100000000000000      5.606060814861973E-02  2.135E-03  WETZTROPRESO    
 173850300.0000  0.100000000000000      5.636657083234295E-02  2.153E-03  WETZTROPRESO    
 173850600.0000  0.100000000000000      5.343481164481914E-02  2.171E-03  WETZTROPRESO    
 173850900.0000  0.100000000000000      5.203273227537279E-02  2.186E-03  WETZTROPRESO    
 173851200.0000  0.100000000000000      5.141965139966077E-02  2.626E-03  WETZTROPRESO    
 173851500.0000  0.100000000000000      5.110147739714909E-02  2.746E-03  WETZTROPRESO    
 173851800.0000  0.100000000000000      5.158138326404520E-02  2.765E-03  WETZTROPRESO    
 173852100.0000  0.100000000000000      5.117714246998546E-02  2.934E-03  WETZTROPRESO    
 173852400.0000  0.100000000000000      5.088369871294841E-02  2.951E-03  WETZTROPRESO    
 173852700.0000  0.100000000000000      5.127557753437142E-02  3.003E-03  WETZTROPRESO    
 173853000.0000  0.100000000000000      5.198744923827994E-02  2.908E-03  WETZTROPRESO    
 173853300.0000  0.100000000000000      5.240823256868905E-02  2.701E-03  WETZTROPRESO    
 173853600.0000  0.100000000000000      5.446907512018474E-02  2.296E-03  WETZTROPRESO    
 173853900.0000  0.100000000000000      5.299333000954183E-02  2.218E-03  WETZTROPRESO    
 173854200.0000  0.100000000000000      5.309382577753842E-02  2.190E-03  WETZTROPRESO    
 173854500.0000  0.100000000000000      5.094045914795955E-02  2.571E-03  WETZTROPRESO    
 173854800.0000  0.100000000000000      4.998986682452777E-02  2.907E-03  WETZTROPRESO    
 173855100.0000  0.100000000000000      5.057481137926566E-02  2.924E-03  WETZTROPRESO    
 173855400.0000  0.100000000000000      5.073147675112540E-02  2.699E-03  WETZTROPRESO    
 173855700.0000  0.100000000000000      4.865656289371370E-02  2.832E-03  WETZTROPRESO    
 173856000.0000  0.100000000000000      4.852404254133513E-02  2.847E-03  WETZTROPRESO    
 173856300.0000  0.100000000000000      4.786792527943862E-02  2.960E-03  WETZTROPRESO    
 173856600.0000  0.100000000000000      4.703337338839325E-02  2.853E-03  WETZTROPRESO    
 173856900.0000  0.100000000000000      4.803271436121065E-02  2.600E-03  WETZTROPRESO    
 173857200.0000  0.100000000000000      4.846613470978449E-02  2.136E-03  WETZTROPRESO    
 173857500.0000  0.100000000000000      4.689226872450608E-02  1.929E-03  WETZTROPRESO    
 173857800.0000  0.100000000000000      4.763804612581374E-02  2.095E-03  WETZTROPRESO    
 173858100.0000  0.100000000000000      4.735183053669526E-02  2.110E-03  WETZTROPRESO    
 173858400.0000  0.100000000000000      4.671613690300748E-02  1.941E-03  WETZTROPRESO    
 173858700.0000  0.100000000000000      4.551153187594345E-02  2.258E-03  WETZTROPRESO    
 173859000.0000  0.100000000000000      4.582362624684626E-02  2.409E-03  WETZTROPRESO    
 173859300.0000  0.100000000000000      4.511648421498424E-02  2.766E-03  WETZTROPRESO    
 173859600.0000  0.100000000000000      4.442991451171985E-02  2.998E-03  WETZTROPRESO    
 173859900.0000  0.100000000000000      4.379847601728721E-02  3.150E-03  WETZTROPRESO    
 173860200.0000  0.100000000000000      4.306940428600641E-02  3.187E-03  WETZTROPRESO    
 173860500.0000  0.100000000000000      4.211691756406939E-02  3.019E-03  WETZTROPRESO    
 173860800.0000  0.100000000000000      3.993509650724633E-02  2.420E-03  WETZTROPRESO    
 173861100.0000  0.100000000000000      4.133869387672229E-02  2.409E-03  WETZTROPRESO    
 173861400.0000  0.100000000000000      4.218165775834685E-02  2.142E-03  WETZTROPRESO    
 173861700.0000  0.100000000000000      4.495692297819109E-02  1.931E-03  WETZTROPRESO    
 173862000.0000  0.100000000000000      4.518789687330898E-02  2.056E-03  WETZTROPRESO    
 173862300.0000  0.100000000000000      4.536279079812217E-02  2.267E-03  WETZTROPRESO    
 173862600.0000  0.100000000000000      4.497339928303950E-02  2.417E-03  WETZTROPRESO    
 173862900.0000  0.100000000000000      4.304540639281993E-02  2.577E-03  WETZTROPRESO    
 173863200.0000  0.100000000000000      4.247466388369909E-02  2.665E-03  WETZTROPRESO    
 173863500.0000  0.100000000000000      4.481421239369838E-02  2.683E-03  WETZTROPRESO    
 173863800.0000  0.100000000000000      4.565595455493551E-02  3.049E-03  WETZTROPRESO    
 173864100.0000  0.100000000000000      4.362600969986685E-02  3.148E-03  WETZTROPRESO    
 173864400.0000  0.100000000000000      4.487567668279513E-02  3.046E-03  WETZTROPRESO    
 173864700.0000  0.100000000000000      4.655793118461350E-02  3.076E-03  WETZTROPRESO    
 173865000.0000  0.100000000000000      4.817823687610252E-02  2.962E-03  WETZTROPRESO    
 173865300.0000  0.100000000000000      4.884263003905290E-02  2.727E-03  WETZTROPRESO    
 173865600.0000  0.100000000000000      5.109263163515287E-02  2.241E-03  WETZTROPRESO    
 173865900.0000  0.100000000000000      4.943838853910662E-02  2.198E-03  WETZTROPRESO    
 173866200.0000  0.100000000000000      4.908686164495657E-02  2.165E-03  WETZTROPRESO    
 173866500.0000  0.100000000000000      4.738630259258231E-02  2.162E-03  WETZTROPRESO    
 173866800.0000  0.100000000000000      4.729317368581212E-02  2.765E-03  WETZTROPRESO    
 173867100.0000  0.100000000000000      4.617648735508863E-02  2.975E-03  WETZTROPRESO    
 173867400.0000  0.100000000000000      4.597745514072534E-02  2.931E-03  WETZTROPRESO    
 173867700.0000  0.100000000000000      4.488742866306157E-02  2.487E-03  WETZTROPRESO    
 173868000.0000  0.100000000000000      4.408858771697007E-02  2.561E-03  WETZTROPRESO    
 173868300.0000  0.100000000000000      4.458215073144219E-02  2.682E-03  WETZTROPRESO    
 173868600.0000  0.100000000000000      4.621154304186664E-02  2.773E-03  WETZTROPRESO    
 173868900.0000  0.100000000000000      4.663220395984432E-02  2.806E-03  WETZTROPRESO    
 173869200.0000  0.100000000000000      4.637574292431348E-02  2.767E-03  WETZTROPRESO    
 173869500.0000  0.100000000000000      4.740401803244455E-02  2.659E-03  WETZTROPRESO    
 173869800.0000  0.100000000000000      4.881433451012063E-02  2.494E-03  WETZTROPRESO    
 173870100.0000  0.100000000000000      4.795764353445736E-02  2.072E-03  WETZTROPRESO    
 173870400.0000  0.100000000000000      4.844961654801140E-02  1.940E-03  WETZTROPRESO    
 173870700.0000  0.100000000000000      4.668828598647459E-02  2.106E-03  WETZTROPRESO    
 173871000.0000  0.100000000000000      4.687532036389687E-02  2.340E-03  WETZTROPRESO    
 173871300.0000  0.100000000000000      4.587720532856243E-02  2.394E-03  WETZTROPRESO    
 173871600.0000  0.100000000000000      4.666220624022112E-02  2.145E-03  WETZTROPRESO    
 173871900.0000  0.100000000000000      4.746611130173579E-02  2.282E-03  WETZTROPRESO    
 173872200.0000  0.100000000000000      4.731665257093377E-02  2.308E-03  WETZTROPRESO    
 173872500.0000  0.100000000000000      4.582794090165811E-02  2.482E-03  WETZTROPRESO    
 173872800.0000  0.100000000000000      4.509243790687754E-02  2.509E-03  WETZTROPRESO    
 173873100.0000  0.100000000000000      4.417945148914213E-02  2.530E-03  WETZTROPRESO    
 173873400.0000  0.100000000000000      4.460857323503727E-02  2.887E-03  WETZTROPRESO    
 173873700.0000  0.100000000000000      4.486378941097104E-02  2.950E-03  WETZTROPRESO    
 173874000.0000  0.100000000000000      4.487738654794804E-02  2.840E-03  WETZTROPRESO    
 173874300.0000  0.100000000000000      4.409421763424506E-02  2.634E-03  WETZTROPRESO    
 173874600.0000  0.100000000000000      4.334966426638457E-02  2.413E-03  WETZTROPRESO    
 173874900.0000  0.100000000000000      4.358379501530706E-02  2.404E-03  WETZTROPRESO    
 173875200.0000  0.100000000000000      4.446016550174868E-02  2.529E-03  WETZTROPRESO    
 173875500.0000  0.100000000000000      4.418170103470937E-02  2.633E-03  WETZTROPRESO    
 173875800.0000  0.100000000000000      4.345714995458615E-02  2.547E-03  WETZTROPRESO    
 173876100.0000  0.100000000000000      3.955585757726289E-02  2.401E-03  WETZTROPRESO    
 173876400.0000  0.100000000000000      3.993167412272038E-02  2.266E-03  WETZTROPRESO    
 173876700.0000  0.100000000000000      4.115300884736880E-02  2.444E-03  WETZTROPRESO    
 173877000.0000  0.100000000000000      4.170536620821839E-02  2.943E-03  WETZTROPRESO    
 173877300.0000  0.100000000000000      4.234214285439451E-02  2.959E-03  WETZTROPRESO    
 173877600.0000  0.100000000000000      4.299942163813252E-02  2.608E-03  WETZTROPRESO    
 173877900.0000  0.100000000000000      4.270288431219552E-02  2.596E-03  WETZTROPRESO    
 173878200.0000  0.100000000000000      4.288184534811681E-02  2.837E-03  WETZTROPRESO    
 173878500.0000  0.100000000000000      4.176154079515034E-02  2.955E-03  WETZTROPRESO    
 173878800.0000  0.100000000000000      4.449051123233291E-02  2.943E-03  WETZTROPRESO    
 173879100.0000  0.100000000000000      4.465701353910104E-02  3.233E-03  WETZTROPRESO    
 173879400.0000  0.100000000000000      4.426559032850602E-02  3.207E-03  WETZTROPRESO    
 173879700.0000  0.100000000000000      4.292354450634069E-02  3.445E-03  WETZTROPRESO    
