-5.988278437717962515e+04
-5.336102907153066189e+04
-4.813238814950066444e+04
-4.384694396949639486e+04
-4.027058385296994675e+04
-3.724075394051075273e+04
-3.464105930947348679e+04
-3.238596582693841628e+04
-3.041120797879377278e+04
-2.866756504249306454e+04
-2.711670195297918690e+04
-2.572831763062782557e+04
-2.447814512894461950e+04
-2.334652082615483960e+04
-2.231734230993443271e+04
-2.137729710033522133e+04
-2.051528349994540622e+04
-1.972196996103638230e+04
-1.898945580024567607e+04
-1.831100706936626011e+04
-1.768084885104712157e+04
-1.709400040007718781e+04
-1.654614316167561265e+04
-1.603351426359176003e+04
-1.555281992463359529e+04
-1.510116456596468197e+04
-1.467599240044592261e+04
-1.427503901056234645e+04
-1.389629097736229778e+04
-1.353795204079530049e+04
-1.319841459102664157e+04
-1.287623553600342711e+04
-1.257011578107941568e+04
-1.227888270530301634e+04
-1.200147513595087003e+04
-1.173693041543150503e+04
-1.148437322833505277e+04
-1.124300591535295825e+04
-1.101210004822996416e+04
-1.079098907827934272e+04
-1.057906190218180564e+04
-1.037575721425809934e+04
-1.018055853529927481e+04
-9.992989825250784634e+03
-9.812611601285027064e+03
-9.639017494621873993e+03
-9.471831189313103096e+03
-9.310703694453672142e+03
-9.155310908205374290e+03
-9.005351437850955335e+03
-8.860544645024125202e+03
-8.720628889438961778e+03
-8.585359947993591049e+03
-8.454509589151874025e+03
-8.327864285096071399e+03
-8.205224046363435264e+03
-8.086401365588378212e+03
-7.971220258615755483e+03
-7.859515392671703921e+03
-7.751131292508033766e+03
-7.645921616503812402e+03
-7.543748495635910331e+03
-7.444481929039164243e+03
-7.347999230583994176e+03
-7.254184521517150642e+03
-7.162928264753935764e+03
-7.074126836886388446e+03
-6.987682134391424370e+03
-6.903501210892499330e+03
-6.821495942654815735e+03
-6.741582719783242283e+03
-6.663682160847872183e+03
-6.587718848889567198e+03
-6.513621086959798049e+03
-6.441320671528930689e+03
-6.370752682257614651e+03
-6.301855286769084159e+03
-6.234569559188135827e+03
-6.168839311327545147e+03
-6.104610935505193993e+03
-6.041833258067697898e+03
-5.980457402779240510e+03
-5.920436663309068535e+03
-5.861726384118460373e+03
-5.804283849108565846e+03
-5.748068177445630681e+03
-5.693040226029527730e+03
-5.639162498116602364e+03
-5.586399057648366579e+03
-5.534715448874799222e+03
-5.484078620894300911e+03
-5.434456856762952157e+03
-5.385819706853582829e+03
-5.338137926170285027e+03
-5.291383415347197115e+03
-5.245529165081334213e+03
-5.200549203768568987e+03
-5.156418548129381634e+03
-5.113113156627051467e+03
-5.070609885495847266e+03
-5.028886447210092228e+03
-4.987921371237542189e+03
-4.947693966931807154e+03
-4.908184288428969921e+03
-4.869373101423341723e+03
-4.831241851705958652e+03
-4.793772635357673607e+03
-4.756948170496232706e+03
-4.720751770483600012e+03
-4.685167318506266383e+03
-4.650179243447094450e+03
-4.615772496972848785e+03
-4.581932531766525244e+03
-4.548645280838239159e+03
-4.515897137852944070e+03
-4.483674938417058911e+03
-4.451965942269953302e+03
-4.420757816329632078e+03
-4.390038618545217105e+03
-4.359796782511792117e+03
-4.330021102805889313e+03
-4.300700721002633145e+03
-4.271825112337772225e+03
-4.243384072980220481e+03
-4.215367707882736795e+03
-4.187766419180299636e+03
-4.160570895107667639e+03
-4.133772099409111433e+03
-4.107361261215109153e+03
-4.081329865362079545e+03
-4.055669643132741385e+03
-4.030372563395916586e+03
-4.005430824125791332e+03
-3.980836844281856884e+03
-3.956583256031737619e+03
-3.932662897300094755e+03
-3.909068804627841018e+03
-3.885794206326621406e+03
-3.862832515914476062e+03
-3.840177325819226553e+03
-3.817822401337012707e+03
-3.795761674833943289e+03
-3.773989240179545959e+03
-3.752499347401269006e+03
-3.731286397549853518e+03
-3.710344937765973100e+03
-3.689669656538919298e+03
-3.669255379148753491e+03
-3.649097063283648822e+03
-3.629189794824597811e+03
-3.609528783790131456e+03
-3.590109360433958955e+03
-3.570926971488866457e+03
-3.551977176550510194e+03
-3.533255644595063131e+03
-3.514758150624983500e+03
-3.496480572437400042e+03
-3.478418887509974411e+03
-3.460569169999233964e+03
-3.442927587846691949e+03
-3.425490399988274476e+03
-3.408253953662734148e+03
-3.391214681815031781e+03
-3.374369100590761718e+03
-3.357713806917932288e+03
-3.341245476172568942e+03
-3.324960859924757642e+03
-3.308856783761940278e+03
-3.292930145186343452e+03
-3.277177911583664354e+03
-3.261597118260181560e+03
-3.246184866545610021e+03
-3.230938321959168206e+03
-3.215854712436402224e+03
-3.200931326614423142e+03
-3.186165512173341995e+03
-3.171554674231745139e+03
-3.157096273794192712e+03
-3.142787826248743841e+03
-3.128626899912680528e+03
-3.114611114624607580e+03
-3.100738140381217818e+03
-3.087005696017086848e+03
-3.073411547925904415e+03
-3.059953508821655305e+03
-3.046629436538269147e+03
-3.033437232866390332e+03
-3.020374842425901988e+03
-3.007440251572947545e+03
-2.994631487340225704e+03
-2.981946616409354647e+03
-2.969383744114224555e+03
-2.956941013474213378e+03
-2.944616604256245864e+03
-2.932408732064694959e+03
-2.920315647458156946e+03
-2.908335635092199482e+03
-2.896467012887158489e+03
-2.884708131220177165e+03
-2.873057372140642656e+03
-2.861513148608222764e+03
-2.850073903752779188e+03
-2.838738110155397408e+03
-2.827504269149852007e+03
-2.816370910143819856e+03
-2.805336589959201319e+03
-2.794399892190927858e+03
-2.783559426583633467e+03
-2.772813828425638349e+03
-2.762161757959673196e+03
-2.751601899809797033e+03
-2.741132962424022026e+03
-2.730753677532099573e+03
-2.720462799618034296e+03
-2.710259105406829804e+03
-2.700141393365034673e+03
-2.690108483214652551e+03
-2.680159215459998450e+03
-2.670292450927112895e+03
-2.660507070315319197e+03
-2.650801973760591409e+03
-2.641176080410329632e+03
-2.631628328009229335e+03
-2.622157672495888619e+03
-2.612763087609835566e+03
-2.603443564508667350e+03
-2.594198111394988246e+03
-2.585025753152862762e+03
-2.575925530993506982e+03
-2.566896502109919766e+03
-2.557937739340229200e+03
-2.549048330839464143e+03
-2.540227379759529867e+03
-2.531474003937130874e+03
-2.522787335589426220e+03
-2.514166521017186824e+03
-2.505610720315234175e+03
-2.497119107089969475e+03
-2.488690868183770363e+03
-2.480325203406080163e+03
-2.472021325270990019e+03
-2.463778458741123359e+03
-2.455595840977667649e+03
-2.447472721096366513e+03
-2.439408359929309881e+03
-2.431402029792358917e+03
-2.423453014258060648e+03
-2.415560607933887241e+03
-2.407724116245668483e+03
-2.399942855226065603e+03
-2.392216151307949076e+03
-2.384543341122559923e+03
-2.376923771302313980e+03
-2.369356798288127720e+03
-2.361841788141144661e+03
-2.354378116358749139e+03
-2.346965167694745105e+03
-2.339602335983604462e+03
-2.332289023968656238e+03
-2.325024643134133839e+03
-2.317808613540969873e+03
-2.310640363666240773e+03
-2.303519330246172558e+03
-2.296444958122599928e+03
-2.289416700092816427e+03
-2.282434016762700139e+03
-2.275496376403052636e+03
-2.268603254809058853e+03
-2.261754135162785133e+03
-2.254948507898657226e+03
-2.248185870571813211e+03
-2.241465727729289938e+03
-2.234787590783954329e+03
-2.228150977891109505e+03
-2.221555413827722987e+03
-2.215000429874199654e+03
-2.208485563698637179e+03
-2.202010359243517087e+03
-2.195574366614749124e+03
-2.189177141973030757e+03
-2.182818247427455390e+03
-2.176497250931321105e+03
-2.170213726180076264e+03
-2.163967252511366496e+03
-2.157757414807114401e+03
-2.151583803397598331e+03
-2.145446013967477029e+03
-2.139343647463706475e+03
-2.133276310005319829e+03
-2.127243612795010449e+03
-2.121245172032489336e+03
-2.115280608829565153e+03
-2.109349549126907277e+03
-2.103451623612461844e+03
-2.097586467641471245e+03
-2.091753721158068402e+03
-2.085953028618402641e+03
-2.080184038915264864e+03
-2.074446405304184282e+03
-2.068739785330944414e+03
-2.063063840760511994e+03
-2.057418237507321464e+03
-2.051802645566901447e+03
-2.046216738948807460e+03
-2.040660195610828850e+03
-2.035132697394443312e+03
-2.029633929961492640e+03
-2.024163582732053783e+03
-2.018721348823468361e+03
-2.013306924990519747e+03
-2.007920011566722906e+03
-2.002560312406703360e+03
-1.997227534829644810e+03
-1.991921389563776984e+03
-1.986641590691885995e+03
-1.981387855597824455e+03
-1.976159904913992023e+03
-1.970957462469776146e+03
-1.965780255240926863e+03
-1.960628013299843133e+03
-1.955500469766759807e+03
-1.950397360761799519e+03
-1.945318425357894739e+03
-1.940263405534536560e+03
-1.935232046132353616e+03
-1.930224094808487052e+03
-1.925239301992756737e+03
-1.920277420844594417e+03
-1.915338207210730843e+03
-1.910421419583627767e+03
-1.905526819060616162e+03
-1.900654169303757726e+03
-1.895803236500391904e+03
-1.890973789324361633e+03
-1.886165598897903692e+03
-1.881378438754191166e+03
-1.876612084800508683e+03
-1.871866315282055439e+03
-1.867140910746359168e+03
-1.862435654008287202e+03
-1.857750330115644374e+03
-1.853084726315347325e+03
-1.848438632020158366e+03
-1.843811838775973683e+03
-1.839204140229652239e+03
-1.834615332097370356e+03
-1.830045212133499035e+03
-1.825493580099988321e+03
-1.820960237736248018e+03
-1.816444988729524539e+03
-1.811947638685741595e+03
-1.807467995100824282e+03
-1.803005867332476100e+03
-1.798561066572407526e+03
-1.794133405819005930e+03
-1.789722699850440222e+03
-1.785328765198188194e+03
-1.780951420120980401e+03
-1.776590484579153781e+03
-1.772245780209401346e+03
-1.767917130299918199e+03
-1.763604359765929985e+03
-1.759307295125599012e+03
-1.755025764476299173e+03
-1.750759597471256484e+03
-1.746508625296539776e+03
-1.742272680648404275e+03
-1.738051597710978058e+03
-1.733845212134278881e+03
-1.729653361012564801e+03
-1.725475882863005381e+03
-1.721312617604668731e+03
-1.717163406537819810e+03
-1.713028092323525016e+03
-1.708906518963549615e+03
-1.704798531780555095e+03
-1.700703977398578900e+03
-1.696622703723797258e+03
-1.692554559925570629e+03
-1.688499396417746084e+03
-1.684457064840240491e+03
-1.680427418040877001e+03
-1.676410310057480274e+03
-1.672405596100222056e+03
-1.668413132534214128e+03
-1.664432776862341143e+03
-1.660464387708334016e+03
-1.656507824800075014e+03
-1.652562948953127488e+03
-1.648629622054496849e+03
-1.644707707046605719e+03
-1.640797067911487829e+03
-1.636897569655192456e+03
-1.633009078292398272e+03
-1.629131460831227514e+03
-1.625264585258264788e+03
-1.621408320523768680e+03
-1.617562536527078009e+03
-1.613727104102206340e+03
-1.609901895003620439e+03
-1.606086781892204954e+03
-1.602281638321398304e+03
-1.598486338723516155e+03
-1.594700758396229048e+03
-1.590924773489225117e+03
-1.587158260991029010e+03
-1.583401098715986336e+03
-1.579653165291407731e+03
-1.575914340144865719e+03
-1.572184503491649139e+03
-1.568463536322365144e+03
-1.564751320390690807e+03
-1.561047738201266839e+03
-1.557352672997735226e+03
-1.553666008750915807e+03
-1.549987630147118807e+03
-1.546317422576591071e+03
-1.542655272122096903e+03
-1.539001065547620783e+03
-1.535354690287204448e+03
-1.531716034433901314e+03
-1.528084986728858894e+03
-1.524461436550512872e+03
-1.520845273903903262e+03
-1.517236389410104493e+03
-1.513634674295765763e+03
-1.510040020382762577e+03
-1.506452320077956983e+03
-1.502871466363061018e+03
-1.499297352784607028e+03
-1.495729873444016448e+03
-1.492168922987768838e+03
-1.488614396597673249e+03
-1.485066189981223943e+03
-1.481524199362060699e+03
-1.477988321470515302e+03
-1.474458453534248292e+03
-1.470934493268974165e+03
-1.467416338869271840e+03
-1.463903888999479477e+03
-1.460397042784673204e+03
-1.456895699801722003e+03
-1.453399760070427419e+03
-1.449909124044734426e+03
-1.446423692604022563e+03
-1.442943367044467323e+03
-1.439468049070475899e+03
-1.435997640786191823e+03
-1.432532044687068492e+03
-1.429071163651510915e+03
-1.425614900932583396e+03
-1.422163160149780424e+03
-1.418715845280858048e+03
-1.415272860653730731e+03
-1.411834110938425056e+03
-1.408399501139091626e+03
-1.404968936586075188e+03
-1.401542322928036583e+03
-1.398119566124133371e+03
-1.394700572436247967e+03
-1.391285248421268989e+03
-1.387873500923425127e+03
-1.384465237066659483e+03
-1.381060364247058033e+03
-1.377658790125322867e+03
-1.374260422619283418e+03
-1.370865169896459065e+03
-1.367472940366656758e+03
-1.364083642674612747e+03
-1.360697185692671383e+03
-1.357313478513502787e+03
-1.353932430442856685e+03
-1.350553950992350792e+03
-1.347177949872294676e+03
-1.343804336984544079e+03
-1.340433022415391633e+03
-1.337063916428480752e+03
-1.333696929457755004e+03
-1.330331972100431585e+03
-1.326968955110007300e+03
-1.323607789389280242e+03
-1.320248385983405342e+03
-1.316890656072968795e+03
-1.313534510967085680e+03
-1.310179862096518946e+03
-1.306826621006817049e+03
-1.303474699351471145e+03
-1.300124008885090689e+03
-1.296774461456594054e+03
-1.293425969002414377e+03
-1.290078443539723594e+03
-1.286731797159662619e+03
-1.283385942020589255e+03
-1.280040790341335651e+03
-1.276696254394475318e+03
-1.273352246499596959e+03
-1.270008679016590122e+03
-1.266665464338932679e+03
-1.263322514886988529e+03
-1.259979743101305303e+03
-1.256637061435917985e+03
-1.253294382351654122e+03
-1.249951618309440391e+03
-1.246608681763607592e+03
-1.243265485155197439e+03
-1.239921940905263909e+03
-1.236577961408174133e+03
-1.233233459024902231e+03
-1.229888346076323387e+03
-1.226542534836491541e+03
-1.223195937525918225e+03
-1.219848466304840258e+03
-1.216500033266475612e+03
-1.213150550430270187e+03
-1.209799929735132537e+03
-1.206448083032654722e+03
-1.203094922080319293e+03
-1.199740358534690813e+03
-1.196384303944590783e+03
-1.193026669744256878e+03
-1.189667367246479216e+03
-1.186306307635720714e+03
-1.182943401961214477e+03
-1.179578561130041635e+03
-1.176211695900179848e+03
-1.172842716873535210e+03
-1.169471534488942325e+03
-1.166098059015141189e+03
-1.162722200543723829e+03
-1.159343868982053664e+03
-1.155962974046152794e+03
-1.152579425253559293e+03
-1.149193131916149241e+03
-1.145804003132931030e+03
-1.142411947782793732e+03
-1.139016874517228416e+03
-1.135618691753008079e+03
-1.132217307664830059e+03
-1.128812630177914116e+03
-1.125404566960564125e+03
-1.121993025416684077e+03
-1.118577912678250186e+03
-1.115159135597738214e+03
-1.111736600740503036e+03
-1.108310214377110242e+03
-1.104879882475619297e+03
-1.101445510693814185e+03
-1.098007004371382209e+03
-1.094564268522040948e+03
-1.091117207825605647e+03
-1.087665726620004762e+03
-1.084209728893233660e+03
-1.080749118275253977e+03
-1.077283798029823402e+03
-1.073813671046271793e+03
-1.070338639831208184e+03
-1.066858606500162750e+03
-1.063373472769163527e+03
-1.059883139946241499e+03
-1.056387508922868619e+03
-1.052886480165319881e+03
-1.049379953705965818e+03
-1.045867829134485191e+03
-1.042350005589007878e+03
-1.038826381747168170e+03
-1.035296855817086907e+03
-1.031761325528269026e+03
-1.028219688122413118e+03
-1.024671840344140719e+03
-1.021117678431633067e+03
-1.017557098107181787e+03
-1.013989994567646136e+03
-1.010416262474817358e+03
-1.006835795945687096e+03
-1.003248488542619953e+03
-9.996542332634242030e+02
-9.960529225313231336e+02
-9.924444481848231590e+02
-9.888287014674732518e+02
-9.852055730175193275e+02
-9.815749528574473288e+02
-9.779367303834187624e+02
-9.742907943545803846e+02
-9.706370328822697502e+02
-9.669753334190945679e+02
-9.633055827478927995e+02
-9.596276669705679296e+02
-9.559414714967988402e+02
-9.522468810326206494e+02
-9.485437795688734468e+02
-9.448320503695184698e+02
-9.411115759598164914e+02
-9.373822381143686471e+02
-9.336439178450125382e+02
-9.298964953885766818e+02
-9.261398501944868258e+02
-9.223738609122194703e+02
-9.185984053786057757e+02
-9.148133606049771060e+02
-9.110186027641516375e+02
-9.072140071772591909e+02
-9.033994483004005360e+02
-8.995747997111375298e+02
-8.957399340948124973e+02
-8.918947232306920796e+02
-8.880390379779306613e+02
-8.841727482613576967e+02
-8.802957230570710863e+02
-8.764078303778493364e+02
-8.725089372583655631e+02
-8.685989097402131165e+02
-8.646776128567184969e+02
-8.607449106175623683e+02
-8.568006659931877493e+02
-8.528447408989961787e+02
-8.488769961793298080e+02
-8.448972915912321469e+02
-8.409054857879854126e+02
-8.369014363024195973e+02
-8.328849995299883631e+02
-8.288560307116071044e+02
-8.248143839162521544e+02
-8.207599120233074927e+02
-8.166924667046661170e+02
-8.126118984065748236e+02
-8.085180563312120512e+02
-8.044107884180072006e+02
-8.002899413246842641e+02
-7.961553604080298783e+02
-7.920068897043810239e+02
-7.878443719098232805e+02
-7.836676483600975871e+02
-7.794765590102084616e+02
-7.752709424137270844e+02
-7.710506357017836763e+02
-7.668154745617501931e+02
-7.625652932155859389e+02
-7.582999243978686081e+02
-7.540191993334842664e+02
-7.497229477149760442e+02
-7.454109976795421062e+02
-7.410831757856817603e+02
-7.367393069894774271e+02
-7.323792146205067866e+02
-7.280027203573779389e+02
-7.236096442028810998e+02
-7.191998044587463710e+02
-7.147730177000045160e+02
-7.103290987489367581e+02
-7.058678606486092804e+02
-7.013891146359874256e+02
-6.968926701146094729e+02
-6.923783346268245396e+02
-6.878459138255802827e+02
-6.832952114457463040e+02
-6.787260292749725750e+02
-6.741381671240691276e+02
-6.695314227968957539e+02
-6.649055920597552358e+02
-6.602604686102780533e+02
-6.555958440457873166e+02
-6.509115078311360776e+02
-6.462072472660029234e+02
-6.414828474516366441e+02
-6.367380912570419014e+02
-6.319727592845811159e+02
-6.271866298349993940e+02
-6.223794788718469135e+02
-6.175510799852926311e+02
-6.127012043553091871e+02
-6.078296207142255980e+02
-6.029360953086293193e+02
-5.980203918606010802e+02
-5.930822715282757827e+02
-5.881214928657082055e+02
-5.831378117820319176e+02
-5.781309814998977572e+02
-5.731007525131723241e+02
-5.680468725438844331e+02
-5.629690864984044083e+02
-5.578671364228300718e+02
-5.527407614575765820e+02
-5.475896977911452268e+02
-5.424136786130483188e+02
-5.372124340658829169e+02
-5.319856911965279096e+02
-5.267331739064453586e+02
-5.214546029010685970e+02
-5.161496956382570716e+02
-5.108181662757936010e+02
-5.054597256179087026e+02
-5.000740810608041329e+02
-4.946609365371580225e+02
-4.892199924595928451e+02
-4.837509456630618843e+02
-4.782534893461620413e+02
-4.727273130113223942e+02
-4.671721024038590713e+02
-4.615875394498568767e+02
-4.559733021928639118e+02
-4.503290647293665643e+02
-4.446544971430148507e+02
-4.389492654375717393e+02
-4.332130314685598478e+02
-4.274454528735684562e+02
-4.216461830011965048e+02
-4.158148708385965620e+02
-4.099511609375856551e+02
-4.040546933392981828e+02
-3.981251034973270180e+02
-3.921620221993434825e+02
-3.861650754871436675e+02
-3.801338845750769906e+02
-3.740680657668408458e+02
-3.679672303705849572e+02
-3.618309846122892850e+02
-3.556589295473759194e+02
-3.494506609705094888e+02
-3.432057693235462921e+02
-3.369238396015830403e+02
-3.306044512570604184e+02
-3.242471781018746242e+02
-3.178515882074516412e+02
-3.114172438027201224e+02
-3.049437011699503728e+02
-2.984305105383934915e+02
-2.918772159756715610e+02
-2.852833552768549907e+02
-2.786484598511819968e+02
-2.719720546063510938e+02
-2.652536578303261194e+02
-2.584927810705971751e+02
-2.516889290108247224e+02
-2.448415993448063546e+02
-2.379502826476955306e+02
-2.310144622443988283e+02
-2.240336140750864615e+02
-2.170072065577348894e+02
-2.099347004476226175e+02
-2.028155486937073420e+02
-1.956491962918073568e+02
-1.884350801344742194e+02
-1.811726288575102899e+02
-1.738612626830158661e+02
-1.665003932588783755e+02
-1.590894234946138113e+02
-1.516277473934608224e+02
-1.441147498806240037e+02
-1.365498066275670226e+02
-1.289322838722457618e+02
-1.212615382351712014e+02
-1.135369165311956294e+02
-1.057577555768868933e+02
-9.792338199339428684e+01
-9.003311200466032460e+01
-8.208625123086699205e+01
-7.408209447696344796e+01
-6.601992551616149285e+01
-5.789901686824055105e+01
-4.971862957252324122e+01
-4.147801295537055921e+01
-3.317640439203842107e+01
-2.481302906274049747e+01
-1.638709970274589978e+01
-7.897816346345052807e+00
6.556339354983720114e-01
9.274077303975445830e+00
1.795835342796476652e+01
2.670931576642215077e+01
3.552783185784983289e+01
4.441478361706185751e+01
5.337106763944166232e+01
6.239759551292672768e+01
7.149529413794425636e+01
8.066510605554253743e+01
8.990798978395559971e+01
9.922492016386308933e+01
1.086168887126043501e+02
1.180849039876197821e+02
1.276299919594080166e+02
1.372531963942665243e+02
1.469555792471708173e+02
1.567382210650362140e+02
1.666022214007386992e+02
1.765486992382111566e+02
1.865787934289576242e+02
1.966936631403616502e+02
2.068944883161434518e+02
2.171824701493681005e+02
2.275588315683944529e+02
2.380248177361904709e+02
2.485816965634342068e+02
2.592307592358599777e+02
2.699733207563001542e+02
2.808107205019214234e+02
2.917443227971170927e+02
3.027755175026409233e+02
3.139057206214379221e+02
3.251363749217912300e+02
3.364689505783344430e+02
3.479049458315446373e+02
3.594458876663295541e+02
3.710933325103662810e+02
3.828488669528624087e+02
3.947141084844377019e+02
4.066907062588609278e+02
4.187803418773887643e+02
4.309847301965078259e+02
4.433056201598872121e+02
4.557447956553794484e+02
4.683040763980136489e+02
4.809853188398176371e+02
4.937904171074978876e+02
5.067213039689304424e+02
5.197799518295537382e+02
5.329683737596833453e+02
5.462886245539248193e+02
5.597428018238383629e+02
5.733330471250883420e+02
5.870615471203482230e+02
6.009305347792992507e+02
6.149422906170980241e+02
6.290991439727799843e+02
6.434034743290847018e+02
6.578577126753018547e+02
6.724643429147656661e+02
6.872259033187244768e+02
7.021449880283739731e+02
7.172242486069076222e+02
7.324663956436065746e+02
7.478742004119089870e+02
7.634504965836908923e+02
7.791981820019300358e+02
7.951202205141194099e+02
8.112196438688615672e+02
8.274995536781980263e+02
8.439631234483504159e+02
8.606136006816773261e+02
8.774543090527622553e+02
8.944886506617281157e+02
9.117201083679478870e+02
9.291522482075993139e+02
9.467887218985019899e+02
9.646332694360048663e+02
9.826897217837868084e+02
1.000962003663643372e+03
1.019454136448535792e+03
1.038170241163391438e+03
1.057114541598364667e+03
1.076291367539508883e+03
1.095705158122058947e+03
1.115360465311783173e+03
1.135261957520156102e+03
1.155414423359386092e+03
1.175822775543662374e+03
1.196492054943243602e+03
1.217427434798595641e+03
1.238634225101752691e+03
1.260117877152888923e+03
1.281883988300247893e+03
1.303938306872110843e+03
1.326286737309947057e+03
1.348935345512379627e+03
1.371890364400145700e+03
1.395158199712781879e+03
1.418745436048369356e+03
1.442658843158322725e+03
1.466905382509866286e+03
1.491492214129588774e+03
1.516426703742170957e+03
1.541716430219372342e+03
1.567369193354953040e+03
1.593393021982429218e+03
1.619796182453364963e+03
1.646587187495040325e+03
1.673774805467443912e+03
1.701368070040756720e+03
1.729376290315779897e+03
1.757809061411139282e+03
1.786676275542582061e+03
1.815988133621259294e+03
1.845755157399572454e+03
1.875988202194996575e+03
1.906698470224223911e+03
1.937897524582000187e+03
1.969597303901471150e+03
2.001810137734904856e+03
2.034548762696605991e+03
2.067826339412360539e+03
2.101656470322859150e+03
2.136053218391704377e+03
2.171031126772081734e+03
2.206605239489916585e+03
2.242791123205324311e+03
2.279604890118535423e+03
2.317063222091112493e+03
2.355183396058385370e+03
2.393983310814453944e+03
2.433481515256987677e+03
2.473697238185653987e+03
2.514650419754565974e+03
2.556361744687055761e+03
2.598852677368962304e+03
2.642145498945603322e+03
2.686263346557169370e+03
2.731230254857741784e+03
2.777071199974544015e+03
2.823812146076380486e+03
2.871480094733765782e+03
2.920103137267951752e+03
2.969710510302174498e+03
3.020332654745985565e+03
3.072001278462809751e+03
3.124749422891692575e+03
3.178611533917899578e+03
3.233623537311241762e+03
3.289822919079815620e+03
3.347248811116734487e+03
3.405942082551146086e+03
3.465945437251765270e+03
3.527303517971835390e+03
3.590063017669372584e+03
3.654272798586119279e+03
3.719984019723529400e+03
3.787250273414806543e+03
3.856127731759346261e+03
3.926675303760601764e+03
3.998954804091300502e+03
4.073031134502552504e+03
4.148972478995616257e+03
4.226850513990333639e+03
4.306740634851937102e+03
4.388722200281225014e+03
4.472878796233423600e+03
4.559298521210912440e+03
4.648074294976900092e+03
4.739304192964391405e+03
4.833091808910697182e+03
4.929546648536537759e+03
5.028784557415267045e+03
5.130928186547338555e+03
5.236107499574276517e+03
5.344460326042539236e+03
5.456132965670365593e+03
5.571280849187884087e+03
5.690069262028291632e+03
5.812674137956100822e+03
5.939282930646702880e+03
6.070095572298475417e+03
6.205325529588228164e+03
6.345200968700845806e+03
6.489966042807896883e+03
6.639882317277757465e+03
6.795230350119198192e+03
6.956311447749131730e+03
7.123449619202836402e+03
7.296993755455818246e+03
7.477320064702105810e+03
7.664834799362579361e+03
7.859977316423562115e+03
8.063223519630510054e+03
8.275089740303850704e+03
8.496137123398637414e+03
8.726976597250890336e+03
8.968274519687734937e+03
9.220759110386154134e+03
9.485227800252707311e+03
9.762555654059236986e+03
1.005370505374941604e+04
1.035973686818991155e+04
1.068182338256348885e+04
1.102126331953273439e+04
1.137949935793472832e+04
1.175813864728007502e+04
1.215897693327692286e+04
1.258402705835301822e+04
1.303555279162826992e+04
1.351610918841558669e+04
1.402859099842903015e+04
1.457629105971650279e+04
1.516297116706443194e+04
1.579294863867504500e+04
1.647120279356826359e+04
1.720350689550000243e+04
1.799659296447228553e+04
1.885835942155891826e+04
1.979813514248382489e+04
2.082701864578848472e+04
2.195831859951285151e+04
2.320813280520096669e+04
2.459611925412718119e+04
2.614653794416478922e+04
2.788968127849816665e+04
2.986387334528460633e+04
3.211832077316122013e+04
3.471727067438997619e+04
3.774623268996429397e+04
4.132156841389412875e+04
4.560578515975995106e+04
5.083292857005895348e+04
5.735281609062437929e+04
