0.000000000000000000e+00
3.343990330842113057e+00
6.688065645439192686e+00
1.003231351452802400e+01
1.337682152213921150e+01
1.672167727229611955e+01
2.006696839571706903e+01
2.341278255652187568e+01
2.675920745894380204e+01
3.010633085404811737e+01
3.345424054645815204e+01
3.680302440109012707e+01
4.015277034989793492e+01
4.350356639862857833e+01
4.685550063358982698e+01
5.020866122843096946e+01
5.356313645093771214e+01
5.691901466984263891e+01
6.027638436165189262e+01
6.363533411748969115e+01
6.699595264996145261e+01
7.035832880003670198e+01
7.372255154395344334e+01
7.708871000014384833e+01
8.045689343618413147e+01
8.382719127576842766e+01
8.719969310570823495e+01
9.057448868295911382e+01
9.395166794167465696e+01
9.733132100029050093e+01
1.007135381686379390e+02
1.040984099550896218e+02
1.074860270737377590e+02
1.108764804516065254e+02
1.142698612358997252e+02
1.176662608012846647e+02
1.210657707572140680e+02
1.244684829552869871e+02
1.278744894966499714e+02
1.312838827394396617e+02
1.346967553062684146e+02
1.381132000917540950e+02
1.415333102700955124e+02
1.449571793026945272e+02
1.483849009458261321e+02
1.518165692583588964e+02
1.552522786095253764e+02
1.586921236867456457e+02
1.621361995035043151e+02
1.655846014072824630e+02
1.690374250875465805e+02
1.724947665837956947e+02
1.759567222936672692e+02
1.794233889811053473e+02
1.828948637845899725e+02
1.863712442254320081e+02
1.898526282161324161e+02
1.933391140688095504e+02
1.968308005036951158e+02
2.003277866576997894e+02
2.038301720930522833e+02
2.073380568060109113e+02
2.108515412356510126e+02
2.143707262727291436e+02
2.178957132686267926e+02
2.214266040443736756e+02
2.249635008997539387e+02
2.285065066224963175e+02
2.320557244975499316e+02
2.356112583164488115e+02
2.391732123867643054e+02
2.427416915416512495e+02
2.463168011494853431e+02
2.498986471235978399e+02
2.534873359321065323e+02
2.570829746078464950e+02
2.606856707584025230e+02
2.642955325762446819e+02
2.679126688489703270e+02
2.715371889696525045e+02
2.751692029473008461e+02
2.788088214174312043e+02
2.824561556527538642e+02
2.861113175739746453e+02
2.897744197607180467e+02
2.934455754625706732e+02
2.971248986102476692e+02
3.008125038268879621e+02
3.045085064394752976e+02
3.082130224903934845e+02
3.119261687491134580e+02
3.156480627240179047e+02
3.193788226743650966e+02
3.231185676223941527e+02
3.268674173655759319e+02
3.306254924890100142e+02
3.343929143779733408e+02
3.381698052306217050e+02
3.419562880708468242e+02
3.457524867612941648e+02
3.495585260165410091e+02
3.533745314164418687e+02
3.572006294196419276e+02
3.610369473772608444e+02
3.648836135467544182e+02
3.687407571059528664e+02
3.726085081672811725e+02
3.764869977921656528e+02
3.803763580056287310e+02
3.842767218110770955e+02
3.881882232052852828e+02
3.921109971935800331e+02
3.960451798052279173e+02
3.999909081090314658e+02
4.039483202291361863e+02
4.079175553610543830e+02
4.118987537879082765e+02
4.158920568968973726e+02
4.198976071959940555e+02
4.239155483308736621e+02
4.279460251020793748e+02
4.319891834824312014e+02
4.360451706346798346e+02
4.401141349294133533e+02
4.441962259632192058e+02
4.482915945771068209e+02
4.524003928751977810e+02
4.565227742436860581e+02
4.606588933700748498e+02
4.648089062626963823e+02
4.689729702705177488e+02
4.731512441032401739e+02
4.773438878516967065e+02
4.815510630085553885e+02
4.857729324893309695e+02
4.900096606537147750e+02
4.942614133272257959e+02
4.985283578231922093e+02
5.028106629650659443e+02
5.071084991090820608e+02
5.114220381672648728e+02
5.157514536307895696e+02
5.200969205937078641e+02
5.244586157770423824e+02
5.288367175532570172e+02
5.332314059711147820e+02
5.376428627809250429e+02
5.420712714601921789e+02
5.465168172396713544e+02
5.509796871298418637e+02
5.554600699478032766e+02
5.599581563446054133e+02
5.644741388330203335e+02
5.690082118157642981e+02
5.735605716141799348e+02
5.781314164973871357e+02
5.827209467119125748e+02
5.873293645118069435e+02
5.919568741892627486e+02
5.966036821057372208e+02
6.012699967235957956e+02
6.059560286382849199e+02
6.106619906110461216e+02
6.153880976021795277e+02
6.201345668048711559e+02
6.249016176795961428e+02
6.296894719891067780e+02
6.344983538340188716e+02
6.393284896890118034e+02
6.441801084396495298e+02
6.490534414198405102e+02
6.539487224499482636e+02
6.588661878755643784e+02
6.638060766069621650e+02
6.687686301592407290e+02
6.737540926931765171e+02
6.787627110568001854e+02
6.837947348277070887e+02
6.888504163561229916e+02
6.939300108087428498e+02
6.990337762133492561e+02
7.041619735042407910e+02
7.093148665684764183e+02
7.144927222929629806e+02
7.196958106123940979e+02
7.249244045580684315e+02
7.301787803076038017e+02
7.354592172355603452e+02
7.407659979650039759e+02
7.460994084200212910e+02
7.514597378792122981e+02
7.568472790301817668e+02
7.622623280250479638e+02
7.677051845369992407e+02
7.731761518179117729e+02
7.786755367570617636e+02
7.842036499409514363e+02
7.897608057142737152e+02
7.953473222420451521e+02
8.009635215729311994e+02
8.066097297037899807e+02
8.122862766454657049e+02
8.179934964898570797e+02
8.237317274782926688e+02
8.295013120712417276e+02
8.353025970193915555e+02
8.411359334361280844e+02
8.470016768714376667e+02
8.529001873872880424e+02
8.588318296344980354e+02
8.647969729311428182e+02
8.707959913425393097e+02
8.768292637628275088e+02
8.828971739982065401e+02
8.890001108518567889e+02
8.951384682105813226e+02
9.013126451332250326e+02
9.075230459408935531e+02
9.137700803090367572e+02
9.200541633614225248e+02
9.263757157660642179e+02
9.327351638331319919e+02
9.391329396149149034e+02
9.455694810078696264e+02
9.520452318568145529e+02
9.585606420613219143e+02
9.651161676843585155e+02
9.717122710632376084e+02
9.783494209229346552e+02
9.850280924918279197e+02
9.917487676199241378e+02
9.985119348996361168e+02
1.005318089789172291e+03
1.012167734738604850e+03
1.019061379318691593e+03
1.025999540352509484e+03
1.032982742049990520e+03
1.040011516145415271e+03
1.047086402037955622e+03
1.054207946935337986e+03
1.061376706000711920e+03
1.068593242502810881e+03
1.075858127969481302e+03
1.083171942344684339e+03
1.090535274149048291e+03
1.097948720644076502e+03
1.105412888000099883e+03
1.112928391468085010e+03
1.120495855555387607e+03
1.128115914205574882e+03
1.135789210982412669e+03
1.143516399258136062e+03
1.151298142406126090e+03
1.159135113998103179e+03
1.167027998005972677e+03
1.174977489008438170e+03
1.182984292402532901e+03
1.191049124620187968e+03
1.199172713349988953e+03
1.207355797764267891e+03
1.215599128751672424e+03
1.223903469155379526e+03
1.232269594017098825e+03
1.240698290827052006e+03
1.249190359780075596e+03
1.257746614038043617e+03
1.266367879998782882e+03
1.275054997571668082e+03
1.283808820460103789e+03
1.292630216451075285e+03
1.301520067711995580e+03
1.310479271095052809e+03
1.319508738449282646e+03
1.328609396940596298e+03
1.337782189380008049e+03
1.347028074560290406e+03
1.356348027601339254e+03
1.365743040304486840e+03
1.375214121516044997e+03
1.384762297500372142e+03
1.394388612322727113e+03
1.404094128242250918e+03
1.413879926115350145e+03
1.423747105809838331e+03
1.433696786630148381e+03
1.443730107753977791e+03
1.453848228680721377e+03
1.464052329692059857e+03
1.474343612325107415e+03
1.484723299858497057e+03
1.495192637811838495e+03
1.505752894458968058e+03
1.516405361355443802e+03
1.527151353880744182e+03
1.537992211795659614e+03
1.548929299815364175e+03
1.559964008198693364e+03
1.571097753354169754e+03
1.582331978463314272e+03
1.593668154121854514e+03
1.605107778999394668e+03
1.616652380518206201e+03
1.628303515551761848e+03
1.640062771143703230e+03
1.651931765247936937e+03
1.663912147490584402e+03
1.676005599954553418e+03
1.688213837987501392e+03
1.700538611034031192e+03
1.712981703492949009e+03
1.725544935600487634e+03
1.738230164340403689e+03
1.751039284381920652e+03
1.763974229046510573e+03
1.777036971304549297e+03
1.790229524802942251e+03
1.803553944924832194e+03
1.817012329882584709e+03
1.830606821845252398e+03
1.844339608101821796e+03
1.858212922261542644e+03
1.872229045492764726e+03
1.886390307801699009e+03
1.900699089352622423e+03
1.915157821831115825e+03
1.929768989851959077e+03
1.944535132413419660e+03
1.959458844399707004e+03
1.974542778133495631e+03
1.989789644980432058e+03
2.005202217007712989e+03
2.020783328698842070e+03
2.036535878726803730e+03
2.052462831788006042e+03
2.068567220499411633e+03
2.084852147361436437e+03
2.101320786789264275e+03
2.117976387215413979e+03
2.134822273266442608e+03
2.151861848016909789e+03
2.169098595323767768e+03
2.186536082244582303e+03
2.204177961543110086e+03
2.222027974285918390e+03
2.240089952533961423e+03
2.258367822133165646e+03
2.276865605608306851e+03
2.295587425164663728e+03
2.314537505802183659e+03
2.333720178547067917e+03
2.353139883806021771e+03
2.372801174848602841e+03
2.392708721423421139e+03
2.412867313514255329e+03
2.433281865242395725e+03
2.453957418921944736e+03
2.474899149275091986e+03
2.496112367814775553e+03
2.517602527402543728e+03
2.539375226989850034e+03
2.561436216551430789e+03
2.583791402219917472e+03
2.606446851631351819e+03
2.629408799491715854e+03
2.652683653375300310e+03
2.676277999766164157e+03
2.700198610354736502e+03
2.724452448602163713e+03
2.749046676585820933e+03
2.773988662140117867e+03
2.799285986307568237e+03
2.824946451115974014e+03
2.850978087698490526e+03
2.877389164774358051e+03
2.904188197509091424e+03
2.931383956774141552e+03
2.958985478827141833e+03
2.987002075435229472e+03
3.015443344465296832e+03
3.044319180966443128e+03
3.073639788771595704e+03
3.103415692646830394e+03
3.133657751018834460e+03
3.164377169312857404e+03
3.195585513935602194e+03
3.227294726939706379e+03
3.259517141408900443e+03
3.292265497605551445e+03
3.325552959924946208e+03
3.359393134703830128e+03
3.393800088933759071e+03
3.428788369933415652e+03
3.464373026037673753e+03
3.500569628365303288e+03
3.537394293731432754e+03
3.574863708775696978e+03
3.612995155381937366e+03
3.651806537470865806e+03
3.691316409253006896e+03
3.731544005035581449e+03
3.772509270684025978e+03
3.814232896846250242e+03
3.856736354055989977e+03
3.900041929840389002e+03
3.944172767966648280e+03
3.989152909972929137e+03
4.035007339140186559e+03
4.081762027073966692e+03
4.129443983078643214e+03
4.178081306521475199e+03
4.227703242399739793e+03
4.278340240341964090e+03
4.330024017293400902e+03
4.382787624156981110e+03
4.436665516684037357e+03
4.491693630934344583e+03
4.547909463652855266e+03
4.605352157940962570e+03
4.664062594633656772e+03
4.724083489831028601e+03
4.785459499073034749e+03
4.848237328691629955e+03
4.912465854923814732e+03
4.978196251424165894e+03
5.045482125875963902e+03
5.114379666467575589e+03
5.184947799075333023e+03
5.257248356077144308e+03
5.331346257813458578e+03
5.407309707814990361e+03
5.485210403031356691e+03
5.565123760422771738e+03
5.647129161420164564e+03
5.731310215919713301e+03
5.817755047657232353e+03
5.906556603010288200e+03
5.997812985502940137e+03
6.091627818544126058e+03
6.188110639219522454e+03
6.287377326283326511e+03
6.389550565866044963e+03
6.494760358833749706e+03
6.603144574210526116e+03
6.714849553618153550e+03
6.830030772305712162e+03
6.948853563047942771e+03
7.071493910000845062e+03
7.198139320530828627e+03
7.328989784101462647e+03
7.464258828531325889e+03
7.604174685357326780e+03
7.748981577682121497e+03
7.898941145792421594e+03
8.054334028055272029e+03
8.215461617188646414e+03
8.382648015031467366e+03
8.556242212489538360e+03
8.736620525511783853e+03
8.924189322878974053e+03
9.119388087419389194e+03
9.322692859188278817e+03
9.534620117395192210e+03
9.755731167720019585e+03
9.986637113482702262e+03
1.022800450337056645e+04
1.048056176563943518e+04
1.074510655959841279e+04
1.102251420065805723e+04
1.131374734641026771e+04
1.161986716957898352e+04
1.194204629111629765e+04
1.228158380566903179e+04
1.263992280529050913e+04
1.301867089981591744e+04
1.341962434929626033e+04
1.384479657268365554e+04
1.429645198749346309e+04
1.477714638086519881e+04
1.528977533163582120e+04
1.583763262099766689e+04
1.642448112120170845e+04
1.705463938702933956e+04
1.773308816369202032e+04
1.846560236854091636e+04
1.925891594978342255e+04
2.012092959078251806e+04
2.106097483926695350e+04
2.209015339264886279e+04
2.322177773087664173e+04
2.447195026627485640e+04
2.586033462061824684e+04
2.741119774040127231e+04
2.915484070524891285e+04
3.112959858021858236e+04
3.338469208785640512e+04
3.598438674227444426e+04
3.901421667639318912e+04
4.259057681285751460e+04
4.687602101107837370e+04
5.210466194960339635e+04
5.862641727002717380e+04
