0.000000000000000000e+00
1.236637061435917229e+00
2.473274122871834457e+00
3.709911184307751686e+00
4.946548245743668915e+00
6.183185307179586587e+00
7.419822368615503372e+00
8.656459430051420156e+00
9.893096491487337829e+00
1.112973355292325550e+01
1.236637061435917317e+01
1.360300767579508907e+01
1.483964473723100674e+01
1.607628179866692264e+01
1.731291886010284031e+01
1.854955592153875799e+01
1.978619298297467566e+01
2.102283004441059333e+01
2.225946710584651100e+01
2.349610416728242868e+01
2.473274122871834635e+01
2.596937829015426047e+01
2.720601535159017814e+01
2.844265241302609581e+01
2.967928947446201349e+01
3.091592653589793116e+01
3.215256359733384528e+01
3.338920065876976651e+01
3.462583772020568063e+01
3.586247478164160185e+01
3.709911184307751597e+01
3.833574890451343720e+01
3.957238596594935132e+01
4.080902302738526544e+01
4.204566008882118666e+01
4.328229715025710078e+01
4.451893421169302201e+01
4.575557127312893613e+01
4.699220833456485735e+01
4.822884539600077147e+01
4.946548245743669270e+01
5.070211951887260682e+01
5.193875658030852094e+01
5.317539364174444216e+01
5.441203070318035628e+01
5.564866776461627751e+01
5.688530482605219163e+01
5.812194188748811285e+01
5.935857894892402697e+01
6.059521601035994109e+01
6.183185307179586232e+01
6.306849013323177644e+01
6.430512719466769056e+01
6.554176425610361889e+01
6.677840131753953301e+01
6.801503837897544713e+01
6.925167544041136125e+01
7.048831250184727537e+01
7.172494956328320370e+01
7.296158662471911782e+01
7.419822368615503194e+01
7.543486074759094606e+01
7.667149780902687439e+01
7.790813487046278851e+01
7.914477193189870263e+01
8.038140899333461675e+01
8.161804605477053087e+01
8.285468311620645920e+01
8.409132017764237332e+01
8.532795723907828744e+01
8.656459430051420156e+01
8.780123136195012989e+01
8.903786842338604401e+01
9.027450548482195813e+01
9.151114254625787225e+01
9.274777960769378637e+01
9.398441666912971471e+01
9.522105373056562883e+01
9.645769079200154295e+01
9.769432785343745707e+01
9.893096491487338540e+01
1.001676019763092995e+02
1.014042390377452136e+02
1.026408760991811278e+02
1.038775131606170419e+02
1.051141502220529702e+02
1.063507872834888843e+02
1.075874243449247984e+02
1.088240614063607126e+02
1.100606984677966267e+02
1.112973355292325550e+02
1.125339725906684691e+02
1.137706096521043833e+02
1.150072467135402974e+02
1.162438837749762257e+02
1.174805208364121398e+02
1.187171578978480539e+02
1.199537949592839681e+02
1.211904320207198822e+02
1.224270690821558105e+02
1.236637061435917246e+02
1.249003432050276388e+02
1.261369802664635529e+02
1.273736173278994812e+02
1.286102543893353811e+02
1.298468914507712952e+02
1.310835285122072378e+02
1.323201655736431519e+02
1.335568026350790660e+02
1.347934396965149801e+02
1.360300767579508943e+02
1.372667138193868084e+02
1.385033508808227225e+02
1.397399879422586366e+02
1.409766250036945507e+02
1.422132620651304933e+02
1.434498991265664074e+02
1.446865361880023215e+02
1.459231732494382356e+02
1.471598103108741498e+02
1.483964473723100639e+02
1.496330844337459780e+02
1.508697214951818921e+02
1.521063585566178062e+02
1.533429956180537488e+02
1.545796326794896629e+02
1.558162697409255770e+02
1.570529068023614911e+02
1.582895438637974053e+02
1.595261809252333194e+02
1.607628179866692335e+02
1.619994550481051476e+02
1.632360921095410617e+02
1.644727291709770043e+02
1.657093662324129184e+02
1.669460032938488325e+02
1.681826403552847466e+02
1.694192774167206608e+02
1.706559144781565749e+02
1.718925515395924890e+02
1.731291886010284031e+02
1.743658256624643172e+02
1.756024627239002598e+02
1.768390997853361739e+02
1.780757368467720880e+02
1.793123739082080021e+02
1.805490109696439163e+02
1.817856480310798304e+02
1.830222850925157445e+02
1.842589221539516586e+02
1.854955592153875727e+02
1.867321962768235153e+02
1.879688333382594294e+02
1.892054703996953435e+02
1.904421074611312577e+02
1.916787445225671718e+02
1.929153815840030859e+02
1.941520186454390000e+02
1.953886557068749141e+02
1.966252927683108283e+02
1.978619298297467708e+02
1.990985668911826849e+02
2.003352039526185990e+02
2.015718410140545132e+02
2.028084780754904273e+02
2.040451151369263414e+02
2.052817521983622555e+02
2.065183892597981696e+02
2.077550263212340838e+02
2.089916633826699979e+02
2.102283004441059404e+02
2.114649375055418545e+02
2.127015745669777687e+02
2.139382116284136828e+02
2.151748486898495969e+02
2.164114857512855110e+02
2.176481228127214251e+02
2.188847598741573393e+02
2.201213969355932534e+02
2.213580339970291959e+02
2.225946710584651100e+02
2.238313081199010242e+02
2.250679451813369383e+02
2.263045822427728524e+02
2.275412193042087665e+02
2.287778563656446806e+02
2.300144934270805948e+02
2.312511304885165089e+02
2.324877675499524514e+02
2.337244046113883655e+02
2.349610416728242797e+02
2.361976787342601938e+02
2.374343157956961079e+02
2.386709528571320220e+02
2.399075899185679361e+02
2.411442269800038503e+02
2.423808640414397644e+02
2.436175011028757069e+02
2.448541381643116210e+02
2.460907752257475352e+02
2.473274122871834493e+02
2.485640493486193634e+02
2.498006864100552775e+02
2.510373234714911916e+02
2.522739605329271058e+02
2.535105975943630199e+02
2.547472346557989624e+02
2.559838717172348765e+02
2.572205087786707622e+02
2.584571458401067048e+02
2.596937829015425905e+02
2.609304199629785330e+02
2.621670570244144756e+02
2.634036940858503613e+02
2.646403311472863038e+02
2.658769682087221895e+02
2.671136052701581320e+02
2.683502423315940177e+02
2.695868793930299603e+02
2.708235164544658460e+02
2.720601535159017885e+02
2.732967905773377311e+02
2.745334276387736168e+02
2.757700647002095593e+02
2.770067017616454450e+02
2.782433388230813875e+02
2.794799758845172732e+02
2.807166129459532158e+02
2.819532500073891015e+02
2.831898870688250440e+02
2.844265241302609866e+02
2.856631611916968723e+02
2.868997982531328148e+02
2.881364353145687005e+02
2.893730723760046430e+02
2.906097094374405287e+02
2.918463464988764713e+02
2.930829835603123570e+02
2.943196206217482995e+02
2.955562576831842421e+02
2.967928947446201278e+02
2.980295318060560703e+02
2.992661688674919560e+02
3.005028059289278985e+02
3.017394429903637842e+02
3.029760800517997268e+02
3.042127171132356125e+02
3.054493541746715550e+02
3.066859912361074976e+02
3.079226282975433833e+02
3.091592653589793258e+02
3.103959024204152115e+02
3.116325394818511541e+02
3.128691765432870397e+02
3.141058136047229823e+02
3.153424506661588680e+02
3.165790877275948105e+02
3.178157247890307531e+02
3.190523618504666388e+02
3.202889989119025813e+02
3.215256359733384670e+02
3.227622730347744096e+02
3.239989100962102953e+02
3.252355471576462378e+02
3.264721842190821235e+02
3.277088212805180660e+02
3.289454583419540086e+02
3.301820954033898943e+02
3.314187324648258368e+02
3.326553695262617225e+02
3.338920065876976651e+02
3.351286436491335508e+02
3.363652807105694933e+02
3.376019177720053790e+02
3.388385548334413215e+02
3.400751918948772641e+02
3.413118289563131498e+02
3.425484660177490923e+02
3.437851030791849780e+02
3.450217401406209206e+02
3.462583772020568063e+02
3.474950142634927488e+02
3.487316513249286345e+02
3.499682883863645770e+02
3.512049254478005196e+02
3.524415625092364053e+02
3.536781995706723478e+02
3.549148366321082335e+02
3.561514736935441761e+02
3.573881107549800618e+02
3.586247478164160043e+02
3.598613848778518900e+02
3.610980219392878325e+02
3.623346590007237751e+02
3.635712960621596608e+02
3.648079331235956033e+02
3.660445701850314890e+02
3.672812072464674316e+02
3.685178443079033173e+02
3.697544813693392598e+02
3.709911184307751455e+02
3.722277554922110880e+02
3.734643925536470306e+02
3.747010296150829163e+02
3.759376666765188588e+02
3.771743037379547445e+02
3.784109407993906871e+02
3.796475778608265728e+02
3.808842149222625153e+02
3.821208519836984010e+02
3.833574890451343435e+02
3.845941261065702861e+02
3.858307631680061718e+02
3.870674002294421143e+02
3.883040372908780000e+02
3.895406743523139426e+02
3.907773114137498283e+02
3.920139484751857708e+02
3.932505855366216565e+02
3.944872225980575990e+02
3.957238596594935416e+02
3.969604967209294273e+02
3.981971337823653698e+02
3.994337708438012555e+02
4.006704079052371981e+02
4.019070449666730838e+02
4.031436820281090263e+02
4.043803190895449120e+02
4.056169561509808545e+02
4.068535932124167402e+02
4.080902302738526828e+02
4.093268673352886253e+02
4.105635043967245110e+02
4.118001414581604536e+02
4.130367785195963393e+02
4.142734155810322818e+02
4.155100526424681675e+02
4.167466897039041100e+02
4.179833267653399957e+02
4.192199638267759383e+02
4.204566008882118808e+02
4.216932379496477665e+02
4.229298750110837091e+02
4.241665120725195948e+02
4.254031491339555373e+02
4.266397861953914230e+02
4.278764232568273655e+02
4.291130603182632512e+02
4.303496973796991938e+02
4.315863344411351363e+02
4.328229715025710220e+02
4.340596085640069646e+02
4.352962456254428503e+02
4.365328826868787928e+02
4.377695197483146785e+02
4.390061568097506211e+02
4.402427938711865067e+02
4.414794309326224493e+02
4.427160679940583918e+02
4.439527050554942775e+02
4.451893421169302201e+02
4.464259791783661058e+02
4.476626162398020483e+02
4.488992533012379340e+02
4.501358903626738766e+02
4.513725274241097623e+02
4.526091644855457048e+02
4.538458015469816473e+02
4.550824386084175330e+02
4.563190756698534756e+02
4.575557127312893613e+02
4.587923497927253038e+02
4.600289868541611895e+02
4.612656239155971321e+02
4.625022609770330178e+02
4.637388980384689603e+02
4.649755350999049028e+02
4.662121721613407885e+02
4.674488092227767311e+02
4.686854462842126168e+02
4.699220833456485593e+02
4.711587204070844450e+02
4.723953574685203876e+02
4.736319945299562733e+02
4.748686315913922158e+02
4.761052686528281583e+02
4.773419057142640440e+02
4.785785427756999866e+02
4.798151798371358723e+02
4.810518168985718148e+02
4.822884539600077005e+02
4.835250910214436431e+02
4.847617280828795288e+02
4.859983651443154713e+02
4.872350022057514138e+02
4.884716392671872995e+02
4.897082763286232421e+02
4.909449133900591278e+02
4.921815504514950703e+02
4.934181875129309560e+02
4.946548245743668986e+02
4.958914616358027843e+02
4.971280986972387268e+02
4.983647357586746693e+02
4.996013728201105550e+02
5.008380098815464976e+02
5.020746469429823833e+02
5.033112840044183258e+02
5.045479210658542115e+02
5.057845581272901541e+02
5.070211951887260398e+02
5.082578322501619823e+02
5.094944693115979248e+02
5.107311063730338105e+02
5.119677434344697531e+02
5.132043804959056388e+02
5.144410175573415245e+02
5.156776546187775239e+02
5.169142916802134096e+02
5.181509287416492953e+02
5.193875658030851810e+02
5.206242028645211803e+02
5.218608399259570660e+02
5.230974769873929517e+02
5.243341140488289511e+02
5.255707511102648368e+02
5.268073881717007225e+02
5.280440252331366082e+02
5.292806622945726076e+02
5.305172993560084933e+02
5.317539364174443790e+02
5.329905734788803784e+02
5.342272105403162641e+02
5.354638476017521498e+02
5.367004846631880355e+02
5.379371217246240349e+02
5.391737587860599206e+02
5.404103958474958063e+02
5.416470329089316920e+02
5.428836699703676913e+02
5.441203070318035770e+02
5.453569440932394627e+02
5.465935811546754621e+02
5.478302182161113478e+02
5.490668552775472335e+02
5.503034923389831192e+02
5.515401294004191186e+02
5.527767664618550043e+02
5.540134035232908900e+02
5.552500405847268894e+02
5.564866776461627751e+02
5.577233147075986608e+02
5.589599517690345465e+02
5.601965888304705459e+02
5.614332258919064316e+02
5.626698629533423173e+02
5.639065000147782030e+02
5.651431370762142024e+02
5.663797741376500881e+02
5.676164111990859737e+02
5.688530482605219731e+02
5.700896853219578588e+02
5.713263223833937445e+02
5.725629594448296302e+02
5.737995965062656296e+02
5.750362335677015153e+02
5.762728706291374010e+02
5.775095076905734004e+02
5.787461447520092861e+02
5.799827818134451718e+02
5.812194188748810575e+02
5.824560559363170569e+02
5.836926929977529426e+02
5.849293300591888283e+02
5.861659671206247140e+02
5.874026041820607134e+02
5.886392412434965991e+02
5.898758783049324848e+02
5.911125153663684841e+02
5.923491524278043698e+02
5.935857894892402555e+02
5.948224265506761412e+02
5.960590636121121406e+02
5.972957006735480263e+02
5.985323377349839120e+02
5.997689747964199114e+02
6.010056118578557971e+02
6.022422489192916828e+02
6.034788859807275685e+02
6.047155230421635679e+02
6.059521601035994536e+02
6.071887971650353393e+02
6.084254342264712250e+02
6.096620712879072244e+02
6.108987083493431101e+02
6.121353454107789958e+02
6.133719824722149951e+02
6.146086195336508808e+02
6.158452565950867665e+02
6.170818936565226522e+02
6.183185307179586516e+02
