6.383185307179586516e+02
6.395551677793945373e+02
6.407918048408305367e+02
6.420284419022664224e+02
6.432650789637023081e+02
6.445017160251381938e+02
6.457383530865741932e+02
6.469749901480100789e+02
6.482116272094459646e+02
6.494482642708818503e+02
6.506849013323178497e+02
6.519215383937537354e+02
6.531581754551896211e+02
6.543948125166256204e+02
6.556314495780615061e+02
6.568680866394973918e+02
6.581047237009332775e+02
6.593413607623692769e+02
6.605779978238051626e+02
6.618146348852410483e+02
6.630512719466769340e+02
6.642879090081129334e+02
6.655245460695488191e+02
6.667611831309847048e+02
6.679978201924207042e+02
6.692344572538565899e+02
6.704710943152924756e+02
6.717077313767283613e+02
6.729443684381643607e+02
6.741810054996002464e+02
6.754176425610361321e+02
6.766542796224721315e+02
6.778909166839080171e+02
6.791275537453439028e+02
6.803641908067797885e+02
6.816008278682157879e+02
6.828374649296516736e+02
6.840741019910875593e+02
6.853107390525234450e+02
6.865473761139594444e+02
6.877840131753953301e+02
6.890206502368312158e+02
6.902572872982672152e+02
6.914939243597031009e+02
6.927305614211389866e+02
6.939671984825748723e+02
6.952038355440108717e+02
6.964404726054467574e+02
6.976771096668826431e+02
6.989137467283185288e+02
7.001503837897545282e+02
7.013870208511904139e+02
7.026236579126262995e+02
7.038602949740622989e+02
7.050969320354981846e+02
7.063335690969340703e+02
7.075702061583699560e+02
7.088068432198059554e+02
7.100434802812418411e+02
7.112801173426777268e+02
7.125167544041137262e+02
7.137533914655496119e+02
7.149900285269854976e+02
7.162266655884213833e+02
7.174633026498573827e+02
7.186999397112932684e+02
7.199365767727291541e+02
7.211732138341651535e+02
7.224098508956010392e+02
7.236464879570369249e+02
7.248831250184728106e+02
7.261197620799086963e+02
7.273563991413446956e+02
7.285930362027805813e+02
7.298296732642164670e+02
7.310663103256524664e+02
7.323029473870883521e+02
7.335395844485242378e+02
7.347762215099601235e+02
7.360128585713961229e+02
7.372494956328320086e+02
7.384861326942678943e+02
7.397227697557038937e+02
7.409594068171397794e+02
7.421960438785756651e+02
7.434326809400115508e+02
7.446693180014475502e+02
7.459059550628834359e+02
7.471425921243193216e+02
7.483792291857553209e+02
7.496158662471912066e+02
7.508525033086270923e+02
7.520891403700629780e+02
7.533257774314989774e+02
7.545624144929348631e+02
7.557990515543707488e+02
7.570356886158067482e+02
7.582723256772426339e+02
7.595089627386785196e+02
7.607455998001144053e+02
7.619822368615502910e+02
7.632188739229862904e+02
7.644555109844221761e+02
7.656921480458580618e+02
7.669287851072940612e+02
7.681654221687299469e+02
7.694020592301658326e+02
7.706386962916017183e+02
7.718753333530377176e+02
7.731119704144736033e+02
7.743486074759094890e+02
7.755852445373454884e+02
7.768218815987813741e+02
7.780585186602172598e+02
7.792951557216531455e+02
7.805317927830891449e+02
7.817684298445250306e+02
7.830050669059609163e+02
7.842417039673969157e+02
7.854783410288328014e+02
7.867149780902686871e+02
7.879516151517045728e+02
7.891882522131404585e+02
7.904248892745764579e+02
7.916615263360123436e+02
7.928981633974483429e+02
7.941348004588842286e+02
7.953714375203201143e+02
7.966080745817560000e+02
7.978447116431918857e+02
7.990813487046278851e+02
8.003179857660637708e+02
8.015546228274996565e+02
8.027912598889356559e+02
8.040278969503715416e+02
8.052645340118074273e+02
8.065011710732433130e+02
8.077378081346793124e+02
8.089744451961151981e+02
8.102110822575510838e+02
8.114477193189870832e+02
8.126843563804229689e+02
8.139209934418588546e+02
8.151576305032947403e+02
8.163942675647307397e+02
8.176309046261666253e+02
8.188675416876025110e+02
8.201041787490385104e+02
8.213408158104743961e+02
8.225774528719102818e+02
8.238140899333461675e+02
8.250507269947820532e+02
8.262873640562180526e+02
8.275240011176539383e+02
8.287606381790899377e+02
8.299972752405258234e+02
8.312339123019617091e+02
8.324705493633975948e+02
8.337071864248334805e+02
8.349438234862694799e+02
8.361804605477053656e+02
8.374170976091412513e+02
8.386537346705772507e+02
8.398903717320131364e+02
8.411270087934490221e+02
8.423636458548849077e+02
8.436002829163209071e+02
8.448369199777567928e+02
8.460735570391926785e+02
8.473101941006286779e+02
8.485468311620645636e+02
8.497834682235004493e+02
8.510201052849363350e+02
8.522567423463723344e+02
8.534933794078082201e+02
8.547300164692441058e+02
8.559666535306801052e+02
8.572032905921159909e+02
8.584399276535518766e+02
8.596765647149877623e+02
8.609132017764236480e+02
8.621498388378596474e+02
8.633864758992955331e+02
8.646231129607315324e+02
8.658597500221674181e+02
8.670963870836033038e+02
8.683330241450391895e+02
8.695696612064750752e+02
8.708062982679110746e+02
8.720429353293469603e+02
8.732795723907828460e+02
8.745162094522188454e+02
8.757528465136547311e+02
8.769894835750906168e+02
8.782261206365265025e+02
8.794627576979625019e+02
8.806993947593983876e+02
8.819360318208342733e+02
8.831726688822702727e+02
8.844093059437061584e+02
8.856459430051420441e+02
8.868825800665779298e+02
8.881192171280139291e+02
8.893558541894498148e+02
8.905924912508857005e+02
8.918291283123216999e+02
8.930657653737575856e+02
8.943024024351934713e+02
8.955390394966293570e+02
8.967756765580652427e+02
8.980123136195012421e+02
8.992489506809371278e+02
9.004855877423731272e+02
9.017222248038090129e+02
9.029588618652448986e+02
9.041954989266807843e+02
9.054321359881166700e+02
9.066687730495526694e+02
9.079054101109885551e+02
9.091420471724245544e+02
9.103786842338604401e+02
9.116153212952963258e+02
9.128519583567322115e+02
9.140885954181680972e+02
9.153252324796039829e+02
9.165618695410399823e+02
9.177985066024758680e+02
9.190351436639118674e+02
9.202717807253477531e+02
9.215084177867836388e+02
9.227450548482195245e+02
9.239816919096554102e+02
9.252183289710914096e+02
9.264549660325272953e+02
9.276916030939632947e+02
9.289282401553991804e+02
9.301648772168350661e+02
9.314015142782709518e+02
9.326381513397068375e+02
9.338747884011428368e+02
9.351114254625787225e+02
9.363480625240147219e+02
9.375846995854506076e+02
9.388213366468864933e+02
9.400579737083223790e+02
9.412946107697582647e+02
9.425312478311941504e+02
9.437678848926301498e+02
9.450045219540661492e+02
9.462411590155020349e+02
9.474777960769379206e+02
9.487144331383738063e+02
9.499510701998096920e+02
9.511877072612455777e+02
9.524243443226815771e+02
9.536609813841174628e+02
9.548976184455534622e+02
9.561342555069893479e+02
9.573708925684252335e+02
9.586075296298611192e+02
9.598441666912970049e+02
9.610808037527330043e+02
9.623174408141688900e+02
9.635540778756048894e+02
9.647907149370407751e+02
9.660273519984766608e+02
9.672639890599125465e+02
9.685006261213484322e+02
9.697372631827844316e+02
9.709739002442203173e+02
9.722105373056563167e+02
9.734471743670922024e+02
9.746838114285280881e+02
9.759204484899639738e+02
9.771570855513998595e+02
9.783937226128357452e+02
9.796303596742717446e+02
9.808669967357077439e+02
9.821036337971436296e+02
9.833402708585795153e+02
9.845769079200154010e+02
9.858135449814512867e+02
9.870501820428871724e+02
9.882868191043231718e+02
9.895234561657590575e+02
9.907600932271950569e+02
9.919967302886309426e+02
9.932333673500668283e+02
9.944700044115027140e+02
9.957066414729385997e+02
9.969432785343745991e+02
9.981799155958104848e+02
9.994165526572464842e+02
1.000653189718682370e+03
1.001889826780118256e+03
1.003126463841554141e+03
1.004363100902990027e+03
1.005599737964426026e+03
1.006836375025861912e+03
1.008073012087297911e+03
1.009309649148733797e+03
1.010546286210169683e+03
1.011782923271605569e+03
1.013019560333041454e+03
1.014256197394477340e+03
1.015492834455913339e+03
1.016729471517349339e+03
1.017966108578785224e+03
1.019202745640221110e+03
1.020439382701656996e+03
1.021676019763092881e+03
1.022912656824528767e+03
1.024149293885964653e+03
1.025385930947400539e+03
1.026622568008836652e+03
1.027859205070272537e+03
1.029095842131708423e+03
1.030332479193144309e+03
1.031569116254580194e+03
1.032805753316016308e+03
1.034042390377452193e+03
1.035279027438888079e+03
1.036515664500323965e+03
1.037752301561759850e+03
1.038988938623195736e+03
1.040225575684631622e+03
1.041462212746067507e+03
1.042698849807503393e+03
1.043935486868939506e+03
1.045172123930375392e+03
1.046408760991811278e+03
1.047645398053247163e+03
1.048882035114683049e+03
1.050118672176118935e+03
1.051355309237555048e+03
1.052591946298990933e+03
1.053828583360426819e+03
1.055065220421862705e+03
1.056301857483298591e+03
1.057538494544734476e+03
1.058775131606170362e+03
1.060011768667606248e+03
1.061248405729042133e+03
1.062485042790478246e+03
1.063721679851914132e+03
1.064958316913350018e+03
1.066194953974785903e+03
1.067431591036221789e+03
1.068668228097657902e+03
1.069904865159093788e+03
1.071141502220529674e+03
1.072378139281965559e+03
1.073614776343401445e+03
1.074851413404837331e+03
1.076088050466273216e+03
1.077324687527709102e+03
1.078561324589144988e+03
1.079797961650581101e+03
1.081034598712016987e+03
1.082271235773452872e+03
1.083507872834888758e+03
1.084744509896324644e+03
1.085981146957760529e+03
1.087217784019196642e+03
1.088454421080632528e+03
1.089691058142068414e+03
1.090927695203504300e+03
1.092164332264940185e+03
1.093400969326376071e+03
1.094637606387811957e+03
1.095874243449247842e+03
1.097110880510683728e+03
1.098347517572119841e+03
1.099584154633555727e+03
1.100820791694991613e+03
1.102057428756427498e+03
1.103294065817863384e+03
1.104530702879299497e+03
1.105767339940735383e+03
1.107003977002171268e+03
1.108240614063607154e+03
1.109477251125043040e+03
1.110713888186478925e+03
1.111950525247914811e+03
1.113187162309350697e+03
1.114423799370786583e+03
1.115660436432222696e+03
1.116897073493658581e+03
1.118133710555094467e+03
1.119370347616530353e+03
1.120606984677966238e+03
1.121843621739402124e+03
1.123080258800838237e+03
1.124316895862274123e+03
1.125553532923710009e+03
1.126790169985145894e+03
1.128026807046581780e+03
1.129263444108017666e+03
1.130500081169453551e+03
1.131736718230889437e+03
1.132973355292325323e+03
1.134209992353761436e+03
1.135446629415197322e+03
1.136683266476633207e+03
1.137919903538069093e+03
1.139156540599504979e+03
1.140393177660941092e+03
1.141629814722376977e+03
1.142866451783812863e+03
1.144103088845248749e+03
1.145339725906684635e+03
1.146576362968120520e+03
1.147813000029556406e+03
1.149049637090992292e+03
1.150286274152428177e+03
1.151522911213864063e+03
1.152759548275300176e+03
1.153996185336736062e+03
1.155232822398171947e+03
1.156469459459607833e+03
1.157706096521043946e+03
1.158942733582479832e+03
1.160179370643915718e+03
1.161416007705351603e+03
1.162652644766787489e+03
1.163889281828223375e+03
1.165125918889659260e+03
1.166362555951095146e+03
1.167599193012531032e+03
1.168835830073966918e+03
1.170072467135402803e+03
1.171309104196838916e+03
1.172545741258274802e+03
1.173782378319710688e+03
1.175019015381146801e+03
1.176255652442582686e+03
1.177492289504018572e+03
1.178728926565454458e+03
1.179965563626890344e+03
1.181202200688326229e+03
1.182438837749762115e+03
1.183675474811198001e+03
1.184912111872633886e+03
1.186148748934069772e+03
1.187385385995505658e+03
1.188622023056941771e+03
1.189858660118377657e+03
1.191095297179813542e+03
1.192331934241249428e+03
1.193568571302685541e+03
1.194805208364121427e+03
1.196041845425557312e+03
1.197278482486993198e+03
1.198515119548429084e+03
1.199751756609864970e+03
1.200988393671300855e+03
1.202225030732736741e+03
1.203461667794172627e+03
1.204698304855608512e+03
1.205934941917044398e+03
1.207171578978480511e+03
1.208408216039916397e+03
1.209644853101352282e+03
1.210881490162788396e+03
1.212118127224224281e+03
1.213354764285660167e+03
1.214591401347096053e+03
1.215828038408531938e+03
1.217064675469967824e+03
1.218301312531403710e+03
1.219537949592839595e+03
1.220774586654275481e+03
1.222011223715711367e+03
1.223247860777147253e+03
1.224484497838583366e+03
1.225721134900019251e+03
1.226957771961455137e+03
1.228194409022891023e+03
1.229431046084327136e+03
1.230667683145763021e+03
1.231904320207198907e+03
1.233140957268634793e+03
1.234377594330070679e+03
1.235614231391506564e+03
1.236850868452942450e+03
1.238087505514378336e+03
1.239324142575814221e+03
1.240560779637250107e+03
1.241797416698685993e+03
1.243034053760122106e+03
1.244270690821557992e+03
1.245507327882993877e+03
1.246743964944429763e+03
1.247980602005865876e+03
1.249217239067301762e+03
1.250453876128737647e+03
1.251690513190173533e+03
1.252927150251609419e+03
1.254163787313045304e+03
1.255400424374481190e+03
1.256637061435917076e+03
1.257873698497352962e+03
1.259110335558788847e+03
1.260346972620224960e+03
1.261583609681660846e+03
1.262820246743096732e+03
1.264056883804532617e+03
1.265293520865968731e+03
1.266530157927404616e+03
1.267766794988840502e+03
1.269003432050276388e+03
1.270240069111712273e+03
1.271476706173148159e+03
1.272713343234584045e+03
1.273949980296019930e+03
1.275186617357455816e+03
1.276423254418891702e+03
1.277659891480327587e+03
1.278896528541763701e+03
1.280133165603199586e+03
1.281369802664635472e+03
1.282606439726071358e+03
1.283843076787507471e+03
1.285079713848943356e+03
1.286316350910379242e+03
1.287552987971815128e+03
1.288789625033251014e+03
1.290026262094686899e+03
1.291262899156122785e+03
1.292499536217558671e+03
1.293736173278994556e+03
1.294972810340430442e+03
1.296209447401866555e+03
1.297446084463302441e+03
1.298682721524738326e+03
1.299919358586174212e+03
1.301155995647610325e+03
1.302392632709046211e+03
1.303629269770482097e+03
1.304865906831917982e+03
1.306102543893353868e+03
1.307339180954789754e+03
1.308575818016225639e+03
1.309812455077661525e+03
1.311049092139097411e+03
1.312285729200533297e+03
1.313522366261969182e+03
1.314759003323405295e+03
1.315995640384841181e+03
1.317232277446277067e+03
1.318468914507712952e+03
1.319705551569149065e+03
1.320942188630584951e+03
1.322178825692020837e+03
1.323415462753456723e+03
1.324652099814892608e+03
1.325888736876328494e+03
1.327125373937764380e+03
1.328362010999200265e+03
1.329598648060636151e+03
1.330835285122072037e+03
1.332071922183507922e+03
1.333308559244944036e+03
1.334545196306379921e+03
1.335781833367815807e+03
1.337018470429251920e+03
1.338255107490687806e+03
1.339491744552123691e+03
1.340728381613559577e+03
1.341965018674995463e+03
1.343201655736431348e+03
1.344438292797867234e+03
1.345674929859303120e+03
1.346911566920739006e+03
1.348148203982174891e+03
1.349384841043610777e+03
1.350621478105046890e+03
1.351858115166482776e+03
1.353094752227918661e+03
1.354331389289354547e+03
1.355568026350790660e+03
1.356804663412226546e+03
1.358041300473662432e+03
1.359277937535098317e+03
1.360514574596534203e+03
1.361751211657970089e+03
1.362987848719405974e+03
1.364224485780841860e+03
1.365461122842277746e+03
1.366697759903713632e+03
1.367934396965149517e+03
1.369171034026585630e+03
1.370407671088021516e+03
1.371644308149457402e+03
1.372880945210893515e+03
1.374117582272329400e+03
1.375354219333765286e+03
1.376590856395201172e+03
1.377827493456637058e+03
1.379064130518072943e+03
1.380300767579508829e+03
1.381537404640944715e+03
1.382774041702380600e+03
1.384010678763816486e+03
1.385247315825252372e+03
1.386483952886688485e+03
1.387720589948124370e+03
1.388957227009560256e+03
1.390193864070996142e+03
1.391430501132432255e+03
1.392667138193868141e+03
1.393903775255304026e+03
1.395140412316739912e+03
1.396377049378175798e+03
1.397613686439611683e+03
1.398850323501047569e+03
1.400086960562483455e+03
1.401323597623919341e+03
1.402560234685355226e+03
1.403796871746791112e+03
1.405033508808227225e+03
1.406270145869663111e+03
1.407506782931098996e+03
1.408743419992535109e+03
1.409980057053970995e+03
1.411216694115406881e+03
1.412453331176842767e+03
1.413689968238278652e+03
1.414926605299714538e+03
1.416163242361150424e+03
1.417399879422586309e+03
1.418636516484022195e+03
1.419873153545458081e+03
1.421109790606893966e+03
1.422346427668330080e+03
1.423583064729765965e+03
1.424819701791201851e+03
1.426056338852637737e+03
1.427292975914073850e+03
1.428529612975509735e+03
1.429766250036945621e+03
1.431002887098381507e+03
1.432239524159817393e+03
1.433476161221253278e+03
1.434712798282689164e+03
1.435949435344125050e+03
1.437186072405560935e+03
1.438422709466996821e+03
1.439659346528432707e+03
1.440895983589868820e+03
1.442132620651304705e+03
1.443369257712740591e+03
1.444605894774176704e+03
1.445842531835612590e+03
1.447079168897048476e+03
1.448315805958484361e+03
1.449552443019920247e+03
1.450789080081356133e+03
1.452025717142792018e+03
1.453262354204227904e+03
1.454498991265663790e+03
1.455735628327099676e+03
1.456972265388535561e+03
1.458208902449971674e+03
1.459445539511407560e+03
1.460682176572843446e+03
1.461918813634279331e+03
1.463155450695715444e+03
1.464392087757151330e+03
1.465628724818587216e+03
1.466865361880023102e+03
1.468101998941458987e+03
1.469338636002894873e+03
1.470575273064330759e+03
1.471811910125766644e+03
1.473048547187202530e+03
1.474285184248638416e+03
1.475521821310074301e+03
1.476758458371510415e+03
1.477995095432946300e+03
1.479231732494382186e+03
1.480468369555818299e+03
1.481705006617254185e+03
1.482941643678690070e+03
1.484178280740125956e+03
1.485414917801561842e+03
1.486651554862997727e+03
1.487888191924433613e+03
1.489124828985869499e+03
1.490361466047305385e+03
1.491598103108741270e+03
1.492834740170177156e+03
1.494071377231613269e+03
1.495308014293049155e+03
1.496544651354485040e+03
1.497781288415920926e+03
1.499017925477357039e+03
1.500254562538792925e+03
1.501491199600228811e+03
1.502727836661664696e+03
1.503964473723100582e+03
1.505201110784536468e+03
1.506437747845972353e+03
1.507674384907408239e+03
1.508911021968844125e+03
1.510147659030280010e+03
1.511384296091715896e+03
1.512620933153152009e+03
1.513857570214587895e+03
1.515094207276023781e+03
1.516330844337459894e+03
1.517567481398895779e+03
1.518804118460331665e+03
1.520040755521767551e+03
1.521277392583203437e+03
1.522514029644639322e+03
1.523750666706075208e+03
1.524987303767511094e+03
1.526223940828946979e+03
1.527460577890382865e+03
1.528697214951818751e+03
1.529933852013254864e+03
1.531170489074690749e+03
1.532407126136126635e+03
1.533643763197562521e+03
1.534880400258998634e+03
1.536117037320434520e+03
1.537353674381870405e+03
1.538590311443306291e+03
1.539826948504742177e+03
1.541063585566178062e+03
1.542300222627613948e+03
1.543536859689049834e+03
1.544773496750485720e+03
1.546010133811921605e+03
1.547246770873357491e+03
1.548483407934793604e+03
1.549720044996229490e+03
1.550956682057665375e+03
1.552193319119101488e+03
1.553429956180537374e+03
1.554666593241973260e+03
1.555903230303409146e+03
1.557139867364845031e+03
1.558376504426280917e+03
1.559613141487716803e+03
1.560849778549152688e+03
1.562086415610588574e+03
1.563323052672024460e+03
1.564559689733460345e+03
1.565796326794896459e+03
1.567032963856332344e+03
1.568269600917768230e+03
1.569506237979204116e+03
1.570742875040640229e+03
1.571979512102076114e+03
1.573216149163512000e+03
1.574452786224947886e+03
1.575689423286383771e+03
1.576926060347819657e+03
1.578162697409255543e+03
1.579399334470691429e+03
1.580635971532127314e+03
1.581872608593563200e+03
1.583109245654999086e+03
1.584345882716435199e+03
1.585582519777871084e+03
1.586819156839306970e+03
1.588055793900743083e+03
1.589292430962178969e+03
1.590529068023614855e+03
1.591765705085050740e+03
1.593002342146486626e+03
1.594238979207922512e+03
1.595475616269358397e+03
1.596712253330794283e+03
1.597948890392230169e+03
1.599185527453666054e+03
1.600422164515101940e+03
1.601658801576538053e+03
1.602895438637973939e+03
1.604132075699409825e+03
1.605368712760845710e+03
1.606605349822281823e+03
1.607841986883717709e+03
1.609078623945153595e+03
1.610315261006589481e+03
1.611551898068025366e+03
1.612788535129461252e+03
1.614025172190897138e+03
1.615261809252333023e+03
1.616498446313768909e+03
1.617735083375204795e+03
1.618971720436640680e+03
1.620208357498076793e+03
1.621444994559512679e+03
1.622681631620948565e+03
1.623918268682384451e+03
1.625154905743820564e+03
1.626391542805256449e+03
1.627628179866692335e+03
1.628864816928128221e+03
1.630101453989564106e+03
1.631338091050999992e+03
1.632574728112435878e+03
1.633811365173871764e+03
1.635048002235307649e+03
1.636284639296743535e+03
1.637521276358179648e+03
1.638757913419615534e+03
1.639994550481051419e+03
1.641231187542487305e+03
1.642467824603923418e+03
1.643704461665359304e+03
1.644941098726795190e+03
1.646177735788231075e+03
1.647414372849666961e+03
1.648651009911102847e+03
1.649887646972538732e+03
1.651124284033974618e+03
1.652360921095410504e+03
1.653597558156846389e+03
1.654834195218282275e+03
1.656070832279718388e+03
1.657307469341154274e+03
1.658544106402590160e+03
1.659780743464026045e+03
1.661017380525462158e+03
1.662254017586898044e+03
1.663490654648333930e+03
1.664727291709769815e+03
1.665963928771205701e+03
1.667200565832641587e+03
1.668437202894077473e+03
1.669673839955513358e+03
1.670910477016949244e+03
1.672147114078385130e+03
1.673383751139821015e+03
1.674620388201256901e+03
1.675857025262693242e+03
1.677093662324129127e+03
1.678330299385565013e+03
1.679566936447000899e+03
1.680803573508436784e+03
1.682040210569872670e+03
1.683276847631308556e+03
1.684513484692744441e+03
1.685750121754180327e+03
1.686986758815616213e+03
1.688223395877052099e+03
1.689460032938487984e+03
1.690696669999923870e+03
1.691933307061359756e+03
1.693169944122795641e+03
1.694406581184231982e+03
1.695643218245667867e+03
1.696879855307103753e+03
1.698116492368539639e+03
1.699353129429975525e+03
1.700589766491411410e+03
1.701826403552847296e+03
1.703063040614283182e+03
1.704299677675719067e+03
1.705536314737154953e+03
1.706772951798590839e+03
1.708009588860026724e+03
1.709246225921462610e+03
1.710482862982898496e+03
1.711719500044334836e+03
1.712956137105770722e+03
1.714192774167206608e+03
1.715429411228642493e+03
1.716666048290078379e+03
1.717902685351514265e+03
1.719139322412950150e+03
1.720375959474386036e+03
1.721612596535821922e+03
1.722849233597257808e+03
1.724085870658693693e+03
1.725322507720129579e+03
1.726559144781565465e+03
1.727795781843001350e+03
1.729032418904437236e+03
1.730269055965873576e+03
1.731505693027309462e+03
1.732742330088745348e+03
1.733978967150181234e+03
1.735215604211617119e+03
1.736452241273053005e+03
1.737688878334488891e+03
1.738925515395924776e+03
1.740162152457360662e+03
1.741398789518796548e+03
1.742635426580232433e+03
1.743872063641668319e+03
1.745108700703104205e+03
1.746345337764540091e+03
1.747581974825976431e+03
1.748818611887412317e+03
1.750055248948848202e+03
1.751291886010284088e+03
1.752528523071719974e+03
1.753765160133155860e+03
1.755001797194591745e+03
1.756238434256027631e+03
1.757475071317463517e+03
1.758711708378899402e+03
1.759948345440335288e+03
1.761184982501771174e+03
1.762421619563207059e+03
1.763658256624642945e+03
1.764894893686078831e+03
1.766131530747515171e+03
1.767368167808951057e+03
1.768604804870386943e+03
1.769841441931822828e+03
1.771078078993258714e+03
1.772314716054694600e+03
1.773551353116130485e+03
1.774787990177566371e+03
1.776024627239002257e+03
1.777261264300438143e+03
1.778497901361874028e+03
1.779734538423309914e+03
1.780971175484745800e+03
1.782207812546181685e+03
1.783444449607618026e+03
1.784681086669053911e+03
1.785917723730489797e+03
1.787154360791925683e+03
1.788390997853361569e+03
1.789627634914797454e+03
1.790864271976233340e+03
1.792100909037669226e+03
1.793337546099105111e+03
1.794574183160540997e+03
1.795810820221976883e+03
1.797047457283412768e+03
1.798284094344848654e+03
1.799520731406284540e+03
1.800757368467720426e+03
1.801994005529156766e+03
1.803230642590592652e+03
1.804467279652028537e+03
1.805703916713464423e+03
1.806940553774900309e+03
1.808177190836336194e+03
1.809413827897772080e+03
1.810650464959207966e+03
1.811887102020643852e+03
1.813123739082079737e+03
1.814360376143515623e+03
1.815597013204951509e+03
1.816833650266387394e+03
1.818070287327823280e+03
1.819306924389259166e+03
1.820543561450695506e+03
1.821780198512131392e+03
1.823016835573567278e+03
1.824253472635003163e+03
1.825490109696439049e+03
1.826726746757874935e+03
1.827963383819310820e+03
1.829200020880746706e+03
1.830436657942182592e+03
1.831673295003618477e+03
1.832909932065054363e+03
1.834146569126490249e+03
1.835383206187926135e+03
1.836619843249362020e+03
1.837856480310798361e+03
1.839093117372234246e+03
1.840329754433670132e+03
1.841566391495106018e+03
1.842803028556541904e+03
1.844039665617977789e+03
1.845276302679413675e+03
1.846512939740849561e+03
1.847749576802285446e+03
1.848986213863721332e+03
1.850222850925157218e+03
1.851459487986593103e+03
1.852696125048028989e+03
1.853932762109464875e+03
1.855169399170900761e+03
1.856406036232337101e+03
1.857642673293772987e+03
1.858879310355208872e+03
1.860115947416644758e+03
1.861352584478080644e+03
1.862589221539516529e+03
1.863825858600952415e+03
1.865062495662388301e+03
1.866299132723824187e+03
1.867535769785260072e+03
1.868772406846695958e+03
1.870009043908131844e+03
1.871245680969567729e+03
1.872482318031003615e+03
1.873718955092439955e+03
1.874955592153875841e+03
